R, 1567866558.562145, 95405.890000, 3043.620000
R, 1567866558.569858, 96017.670000, 3149.060000
R, 1567866558.580837, 105709.600000, 3252.380000
R, 1567866558.592501, 94890.710000, 3346.680000
R, 1567866558.603420, 101765.210000, 3416.120000
R, 1567866558.613778, 94520.420000, 3520.540000
R, 1567866558.624882, 110217.470000, 3628.120000
R, 1567866558.636472, 90785.320000, 3721.040000
R, 1567866558.647406, 110008.180000, 3796.120000
R, 1567866558.658431, 93473.950000, 3896.980000
R, 1567866558.668946, 110555.560000, 4006.580000
R, 1567866558.679928, 88611.880000, 4099.790000
R, 1567866558.691714, 114966.840000, 4178.240000
R, 1567866558.702083, 94810.210000, 4276.530000
R, 1567866558.712935, 104341.140000, 4384.710000
R, 1567866558.723764, 89899.850000, 4446.070000
R, 1567866558.734899, 112938.290000, 4558.490000
R, 1567866558.745707, 97997.920000, 4657.180000
R, 1567866558.756766, 109154.900000, 4761.580000
R, 1567866558.768593, 93151.960000, 4825.150000
R, 1567866558.778864, 105258.810000, 4935.720000
R, 1567866558.789876, 101894.010000, 5036.780000
R, 1567866558.800963, 96935.350000, 5127.990000
R, 1567866558.811917, 66700.410000, 5173.510000
R, 1567866558.822760, 39588.780000, 5219.890000
R, 1567866558.834210, -6745.710000, 5221.290000
R, 1567866558.844690, -34082.730000, 5198.030000
R, 1567866558.855648, -57410.970000, 5142.790000
R, 1567866558.866570, -86164.750000, 5061.060000
R, 1567866558.877724, -119007.820000, 4950.730000
R, 1567866558.888977, -94037.430000, 4886.550000
R, 1567866558.899439, -96194.770000, 4781.880000
R, 1567866558.910808, -98287.710000, 4685.670000
R, 1567866558.921712, -105162.210000, 4581.360000
R, 1567866558.932558, -106144.290000, 4508.930000
R, 1567866558.943430, -99656.170000, 4400.000000
R, 1567866558.954802, -120988.070000, 4284.720000
R, 1567866558.965777, -108671.920000, 4170.660000
R, 1567866558.977098, -130969.780000, 4081.290000
R, 1567866558.988094, -122131.130000, 3960.250000
R, 1567866558.998807, -117607.160000, 3834.320000
R, 1567866559.009786, -140146.520000, 3738.690000
R, 1567866559.021054, -119555.210000, 3616.240000
R, 1567866559.032736, -122082.830000, 3483.640000
R, 1567866559.042443, -141160.790000, 3345.190000
R, 1567866559.053549, -119184.920000, 3263.870000
R, 1567866559.064595, -125817.930000, 3127.680000
R, 1567866559.075148, -140001.630000, 2986.130000
R, 1567866559.086650, -121857.440000, 2851.740000
R, 1567866559.097156, -126961.000000, 2765.120000
R, 1567866559.108774, -138681.460000, 2623.560000
R, 1567866559.119361, -138085.780000, 2490.100000
R, 1567866559.130488, -123322.500000, 2405.950000
R, 1567866559.141569, -134495.580000, 2268.840000
R, 1567866559.151976, -128216.760000, 2143.660000
R, 1567866559.163677, -120698.270000, 2021.120000
R, 1567866559.174450, -134447.280000, 1929.370000
R, 1567866559.185516, -113179.790000, 1814.490000
R, 1567866559.196643, -112487.510000, 1692.070000
R, 1567866559.206846, -126317.010000, 1565.320000
R, 1567866559.217736, -101942.310000, 1495.760000
R, 1567866559.229890, -118895.120000, 1375.700000
R, 1567866559.240606, -112407.010000, 1263.830000
R, 1567866559.251542, -109573.490000, 1157.720000
R, 1567866559.261688, -99929.860000, 1089.530000
R, 1567866559.273247, -95582.990000, 985.280000
R, 1567866559.283767, -108027.930000, 880.020000
R, 1567866559.294833, -90318.440000, 818.380000
R, 1567866559.305751, -85955.460000, 732.760000
R, 1567866559.317472, -80626.510000, 644.640000
R, 1567866559.328051, -73301.220000, 567.470000
R, 1567866559.339012, -87227.320000, 507.950000
R, 1567866559.350308, -67312.190000, 436.820000
R, 1567866559.360908, -78726.770000, 360.650000
R, 1567866559.371927, -78340.380000, 283.730000
R, 1567866559.383002, -65798.830000, 238.830000
R, 1567866559.393649, -77648.100000, 162.220000
R, 1567866559.404701, -59246.320000, 98.530000
R, 1567866559.415740, -53530.980000, 62.000000
R, 1567866559.426935, -62852.620000, 0.410000
R, 1567866559.437679, -53015.800000, -57.180000
R, 1567866559.448809, -46398.880000, -103.850000
R, 1567866559.459635, -43919.550000, -133.820000
R, 1567866559.471128, -53386.080000, -186.700000
R, 1567866559.481772, -44241.540000, -234.160000
R, 1567866559.492706, -39218.490000, -273.410000
R, 1567866559.503672, -35113.100000, -297.360000
R, 1567866559.514758, -37930.520000, -335.400000
R, 1567866559.525678, -39814.170000, -376.630000
R, 1567866559.536664, -33406.550000, -409.610000
R, 1567866559.547580, -26628.640000, -427.790000
R, 1567866559.558807, -22619.860000, -451.450000
R, 1567866559.569988, -20076.130000, -472.420000
R, 1567866559.580968, -18514.470000, -485.060000
R, 1567866559.591699, -17387.510000, -502.900000
R, 1567866559.602767, -15455.560000, -519.140000
R, 1567866559.614079, -13684.610000, -532.460000
R, 1567866559.624685, -9225.040000, -538.760000
R, 1567866559.635972, -3783.390000, -543.550000
R, 1567866559.646897, 1368.460000, -543.020000
R, 1567866559.657680, 4169.780000, -538.020000
R, 1567866559.668334, 8178.570000, -532.440000
R, 1567866559.680739, 12235.650000, -520.650000
R, 1567866559.690070, 16147.840000, -504.800000
R, 1567866559.701203, 18095.890000, -485.730000
R, 1567866559.712805, 20704.010000, -471.600000
R, 1567866559.724047, 24986.490000, -446.810000
R, 1567866559.734820, 29880.750000, -417.070000
R, 1567866559.744906, 34742.810000, -393.370000
R, 1567866559.755771, 45980.290000, -348.480000
R, 1567866559.767588, 43130.680000, -302.880000
R, 1567866559.778725, 41247.030000, -259.910000
R, 1567866559.790455, 47461.450000, -227.530000
R, 1567866559.800685, 63480.500000, -166.000000
R, 1567866559.810985, 58328.640000, -103.950000
R, 1567866559.821951, 58924.330000, -42.060000
R, 1567866559.833039, 75313.660000, 9.340000
R, 1567866559.844584, 68777.250000, 83.530000
R, 1567866559.854701, 77551.500000, 160.180000
R, 1567866559.865858, 90237.940000, 221.760000
R, 1567866559.877351, 72592.840000, 297.330000
R, 1567866559.887575, 86889.230000, 382.520000
R, 1567866559.898932, 74122.300000, 456.250000
R, 1567866559.909676, 73880.800000, 506.680000
R, 1567866559.920657, 87758.610000, 596.360000
R, 1567866559.932098, 74234.990000, 672.110000
R, 1567866559.942691, 86808.740000, 760.610000
R, 1567866559.954712, 71159.980000, 809.180000
R, 1567866559.964492, 82864.350000, 890.340000
R, 1567866559.975578, 81576.380000, 979.430000
R, 1567866559.987010, 77132.910000, 1061.280000
R, 1567866559.998353, 91960.590000, 1124.030000
R, 1567866560.009113, 74202.790000, 1200.250000
R, 1567866560.019807, 98287.710000, 1295.690000
R, 1567866560.030746, 81608.580000, 1351.380000
R, 1567866560.041969, 90849.720000, 1440.690000
R, 1567866560.052887, 78211.580000, 1527.320000
R, 1567866560.063530, 81624.680000, 1616.610000
R, 1567866560.074513, 97531.030000, 1683.160000
R, 1567866560.085632, 86438.450000, 1770.030000
R, 1567866560.096673, 91107.310000, 1867.070000
R, 1567866560.107709, 80642.610000, 1953.490000
R, 1567866560.119333, 106208.680000, 2025.970000
R, 1567866560.129663, 87227.320000, 2115.520000
R, 1567866560.140707, 100090.860000, 2217.840000
R, 1567866560.151847, 82751.650000, 2274.320000
R, 1567866560.162965, 110040.380000, 2381.060000
R, 1567866560.173997, 90286.240000, 2474.300000
R, 1567866560.184843, 107722.040000, 2579.800000
R, 1567866560.195547, 86132.550000, 2638.580000
R, 1567866560.206559, 113034.890000, 2749.080000
R, 1567866560.217166, 94617.010000, 2845.380000
R, 1567866560.228452, 110829.250000, 2951.760000
R, 1567866560.238816, 90592.130000, 3013.580000
R, 1567866560.250402, 111086.850000, 3126.460000
R, 1567866560.260845, 101733.010000, 3227.630000
R, 1567866560.272447, 107625.440000, 3331.030000
R, 1567866560.283437, 98609.700000, 3398.320000
R, 1567866560.295102, 101894.010000, 3509.640000
R, 1567866560.304883, 111891.820000, 3618.860000
R, 1567866560.315953, 96500.660000, 3684.730000
R, 1567866560.328178, 111698.630000, 3792.510000
R, 1567866560.338256, 96645.560000, 3897.370000
R, 1567866560.349895, 111070.750000, 4009.910000
R, 1567866560.360529, 91461.500000, 4072.320000
R, 1567866560.371431, 118444.340000, 4187.540000
R, 1567866560.383307, 99301.980000, 4288.750000
R, 1567866560.392790, 114000.860000, 4397.880000
R, 1567866560.403831, 95534.690000, 4463.070000
R, 1567866560.415581, 109171.000000, 4577.490000
R, 1567866560.427199, 107802.540000, 4683.830000
R, 1567866560.438056, 102811.680000, 4753.990000
R, 1567866560.448999, 105194.410000, 4856.720000
R, 1567866560.459173, 97949.620000, 4964.590000
R, 1567866560.469612, 99817.170000, 5068.250000
R, 1567866560.481384, 72464.040000, 5117.700000
R, 1567866560.493688, 38944.790000, 5162.990000
R, 1567866560.503602, 2753.020000, 5172.180000
R, 1567866560.514900, -19866.840000, 5146.890000
R, 1567866560.524499, -46237.890000, 5115.330000
R, 1567866560.535866, -89094.870000, 5034.000000
R, 1567866560.549081, -106112.090000, 4925.700000
R, 1567866560.557658, -105886.690000, 4815.960000
R, 1567866560.569442, -88128.900000, 4755.830000
R, 1567866560.580534, -102199.900000, 4657.570000
R, 1567866560.590493, -88901.680000, 4564.450000
R, 1567866560.603969, -105113.920000, 4492.720000
R, 1567866560.612809, -91252.210000, 4394.050000
R, 1567866560.623945, -116319.200000, 4282.990000
R, 1567866560.635572, -104292.840000, 4173.900000
R, 1567866560.647108, -125866.230000, 4088.020000
R, 1567866560.657989, -111135.150000, 3976.200000
R, 1567866560.667514, -117301.270000, 3849.750000
R, 1567866560.679170, -143382.530000, 3708.600000
R, 1567866560.689411, -119345.910000, 3627.160000
R, 1567866560.700757, -129472.520000, 3486.570000
R, 1567866560.713025, -142207.260000, 3341.400000
R, 1567866560.723402, -128651.450000, 2893.610000
R, 1567866560.734428, -132531.440000, 3110.940000
R, 1567866560.744015, -137844.290000, 2963.080000
R, 1567866560.755665, -143060.540000, 2816.020000
R, 1567866560.767598, -141579.380000, 2719.400000
R, 1567866560.778360, -130229.200000, 2574.390000
R, 1567866560.788008, -140822.700000, 2427.500000
R, 1567866560.799061, -145990.660000, 2279.290000
R, 1567866560.810606, -127862.570000, 2192.050000
R, 1567866560.821739, -134881.970000, 2045.750000
R, 1567866560.832924, -140967.600000, 1900.340000
R, 1567866560.842997, -124288.470000, 1765.670000
R, 1567866560.854650, -121696.450000, 1682.620000
R, 1567866560.865847, -132563.640000, 1546.390000
R, 1567866560.876653, -122501.420000, 1426.320000
R, 1567866560.887147, -115127.830000, 1347.760000
R, 1567866560.898823, -129794.520000, 1221.490000
R, 1567866560.909469, -101507.620000, 1114.770000
R, 1567866560.920511, -118685.830000, 999.230000
R, 1567866560.931672, -102441.390000, 929.320000
R, 1567866560.942677, -101475.420000, 818.350000
R, 1567866560.952723, -98448.710000, 720.990000
R, 1567866560.964739, -96001.570000, 626.130000
R, 1567866560.976498, -91268.310000, 563.860000
R, 1567866560.986599, -86840.930000, 468.030000
R, 1567866560.996769, -73462.210000, 392.680000
R, 1567866561.008064, -86647.740000, 333.560000
R, 1567866561.020560, -67859.570000, 261.650000
R, 1567866561.030560, -77728.590000, 185.610000
R, 1567866561.040620, -77229.510000, 110.730000
R, 1567866561.052047, -59230.220000, 70.310000
R, 1567866561.063190, -67618.080000, 4.380000
R, 1567866561.075231, -59681.010000, -60.470000
R, 1567866561.086859, -53321.690000, -114.900000
R, 1567866561.096469, -55849.310000, -153.000000
R, 1567866561.106848, -57877.860000, -214.070000
R, 1567866561.118218, -42760.390000, -259.730000
R, 1567866561.129250, -38252.510000, -298.580000
R, 1567866561.141734, -39347.280000, -325.430000
R, 1567866561.150895, -45143.120000, -371.010000
R, 1567866561.161652, -36545.960000, -410.030000
R, 1567866561.173538, -32907.470000, -432.480000
R, 1567866561.184515, -30283.240000, -463.770000
R, 1567866561.196765, -28753.780000, -493.310000
R, 1567866561.205496, -29607.060000, -523.730000
R, 1567866561.216981, -28431.790000, -543.120000
R, 1567866561.228575, -22635.960000, -567.410000
R, 1567866561.240176, -17403.610000, -586.030000
R, 1567866561.251887, -14489.590000, -600.380000
R, 1567866561.260900, -11495.070000, -608.230000
R, 1567866561.271539, -8339.560000, -617.280000
R, 1567866561.283318, -5071.360000, -623.010000
R, 1567866561.295181, -2479.330000, -624.860000
R, 1567866561.305799, 1287.960000, -623.970000
R, 1567866561.315551, 4765.460000, -619.670000
R, 1567866561.326707, 8725.950000, -611.500000
R, 1567866561.338676, 11607.770000, -603.580000
R, 1567866561.349779, 16373.240000, -587.590000
R, 1567866561.361032, 22201.270000, -565.970000
R, 1567866561.370465, 27385.320000, -536.520000
R, 1567866561.382080, 33535.350000, -513.630000
R, 1567866561.393891, 32698.170000, -479.790000
R, 1567866561.403579, 34453.020000, -445.210000
R, 1567866561.416746, 37721.230000, -405.340000
R, 1567866561.426072, 47252.160000, -373.080000
R, 1567866561.436581, 54207.160000, -317.300000
R, 1567866561.448021, 47654.650000, -268.200000
R, 1567866561.458427, 52726.000000, -232.220000
R, 1567866561.470426, 71192.180000, -163.550000
R, 1567866561.479971, 64027.880000, -95.150000
R, 1567866561.491551, 65670.040000, -25.390000
R, 1567866561.501715, 84925.090000, 32.570000
R, 1567866561.512771, 70886.290000, 106.710000
R, 1567866561.524827, 88434.790000, 192.690000
R, 1567866561.535731, 84039.610000, 275.330000
R, 1567866561.546674, 76843.120000, 327.770000
R, 1567866561.556682, 84764.090000, 415.660000
R, 1567866561.568379, 72576.740000, 489.070000
R, 1567866561.581510, 88128.900000, 580.740000
R, 1567866561.591091, 77116.810000, 633.360000
R, 1567866561.601096, 85182.680000, 717.390000
R, 1567866561.611487, 75683.950000, 800.950000
R, 1567866561.622682, 75281.460000, 852.330000
R, 1567866561.634641, 96291.370000, 947.560000
R, 1567866561.645762, 78678.470000, 1028.570000
R, 1567866561.656047, 92411.380000, 1122.840000
R, 1567866561.666709, 75635.650000, 1174.450000
R, 1567866561.677882, 92878.260000, 1264.550000
R, 1567866561.690156, 83025.340000, 1355.630000
R, 1567866561.700135, 85311.480000, 1448.280000
R, 1567866561.711079, 88370.390000, 1508.590000
R, 1567866561.721835, 85504.670000, 1593.160000
R, 1567866561.732539, 94713.610000, 1693.890000
R, 1567866561.743856, 85021.690000, 1784.510000
R, 1567866561.755758, 99849.370000, 1852.650000
R, 1567866561.766126, 84731.890000, 1937.790000
R, 1567866561.778146, 103729.360000, 2043.270000
R, 1567866561.787547, 87388.320000, 2102.900000
R, 1567866561.798552, 104985.120000, 2207.190000
R, 1567866561.809203, 87050.230000, 2295.300000
R, 1567866561.820366, 110233.570000, 2404.110000
R, 1567866561.831425, 90624.330000, 2465.950000
R, 1567866561.842511, 107045.860000, 2573.280000
R, 1567866561.853167, 92089.390000, 2665.340000
R, 1567866561.864777, 114564.350000, 2776.280000
R, 1567866561.875623, 94858.510000, 2841.020000
R, 1567866561.886422, 103037.080000, 2949.240000
R, 1567866561.897502, 101314.420000, 3048.370000
R, 1567866561.909723, 113083.190000, 3125.540000
R, 1567866561.920293, 102650.690000, 3227.760000
R, 1567866561.931764, 93892.530000, 3332.320000
R, 1567866561.941668, 100106.960000, 3443.060000
R, 1567866561.952499, 102087.200000, 3512.740000
R, 1567866561.964257, 113759.370000, 3623.720000
R, 1567866561.975057, 92250.380000, 3721.550000
R, 1567866561.985970, 115224.430000, 3837.970000
R, 1567866561.997737, 97595.430000, 3904.570000
R, 1567866562.010020, 112374.810000, 4017.860000
R, 1567866562.018730, 100123.060000, 4117.130000
R, 1567866562.029655, 118347.740000, 4231.130000
R, 1567866562.040478, 102811.680000, 4301.300000
R, 1567866562.052242, 97321.740000, 4409.040000
R, 1567866562.064124, 114918.540000, 4519.840000
R, 1567866562.073417, 104357.240000, 4591.050000
R, 1567866562.084435, 113340.780000, 4701.870000
R, 1567866562.095235, 92540.170000, 4800.430000
R, 1567866562.107174, 113099.290000, 4915.610000
R, 1567866562.118381, 93956.930000, 4979.730000
R, 1567866562.128014, 90656.530000, 5073.200000
R, 1567866562.138701, 39154.090000, 5121.220000
R, 1567866562.150124, 15230.170000, 5130.570000
R, 1567866562.161042, -19512.650000, 5117.260000
R, 1567866562.174256, -50649.160000, 5071.220000
R, 1567866562.183096, -87919.600000, 4985.080000
R, 1567866562.194490, -95824.480000, 4919.690000
R, 1567866562.204939, -122115.030000, 4794.550000
R, 1567866562.216700, -98931.690000, 4694.930000
R, 1567866562.228089, -115063.430000, 4583.120000
R, 1567866562.238578, -105113.920000, 4511.390000
R, 1567866562.249691, -98770.700000, 4402.800000
R, 1567866562.261175, -116464.090000, 4291.500000
R, 1567866562.272212, -104920.720000, 4183.440000
R, 1567866562.283712, -125834.030000, 4097.570000
R, 1567866562.292686, -106595.070000, 3988.200000
R, 1567866562.303699, -115176.130000, 3864.210000
R, 1567866562.314858, -134334.590000, 3730.420000
R, 1567866562.326258, -113437.380000, 3653.010000
R, 1567866562.337875, -123113.210000, 3520.880000
R, 1567866562.347535, -143962.110000, 3381.930000
R, 1567866562.358505, -113485.680000, 3304.490000
R, 1567866562.369746, -136781.720000, 3168.050000
R, 1567866562.381141, -144042.610000, 3028.900000
R, 1567866562.393044, -120263.590000, 2903.600000
R, 1567866562.404043, -141450.580000, 2807.080000
R, 1567866562.414713, -147504.010000, 2663.360000
R, 1567866562.424727, -127621.080000, 2532.780000
R, 1567866562.435862, -138987.350000, 2394.680000
R, 1567866562.447128, -145974.560000, 2295.070000
R, 1567866562.458925, -127588.880000, 2166.420000
R, 1567866562.468530, -122920.010000, 2034.110000
R, 1567866562.479652, -139035.650000, 1900.030000
R, 1567866562.490507, -113855.970000, 1822.340000
R, 1567866562.501701, -117494.460000, 1694.470000
R, 1567866562.513530, -132628.040000, 1562.540000
R, 1567866562.524455, -106578.970000, 1489.810000
R, 1567866562.534782, -122388.730000, 1363.340000
R, 1567866562.546794, -124191.870000, 1241.810000
R, 1567866562.557512, -106047.690000, 1137.520000
R, 1567866562.568491, -111827.430000, 1061.210000
R, 1567866562.579682, -93345.150000, 962.220000
R, 1567866562.590135, -107142.460000, 855.020000
R, 1567866562.600676, -85005.590000, 768.890000
R, 1567866562.612533, -100139.160000, 700.550000
R, 1567866562.622820, -83363.430000, 612.270000
R, 1567866562.632945, -96629.460000, 517.530000
R, 1567866562.644552, -79145.350000, 463.520000
R, 1567866562.656762, -73735.910000, 389.030000
R, 1567866562.667384, -81254.390000, 303.380000
R, 1567866562.678058, -70596.500000, 231.020000
R, 1567866562.688468, -81206.090000, 175.610000
R, 1567866562.700184, -64961.660000, 104.710000
R, 1567866562.712439, -57346.570000, 45.480000
R, 1567866562.721826, -68841.650000, -25.270000
R, 1567866562.732620, -60003.000000, -66.210000
R, 1567866562.742941, -53080.190000, -121.090000
R, 1567866562.754645, -60244.490000, -180.640000
R, 1567866562.766544, -55672.220000, -235.070000
R, 1567866562.775743, -44724.530000, -265.590000
R, 1567866562.786706, -41842.710000, -308.550000
R, 1567866562.798527, -48153.730000, -356.440000
R, 1567866562.808998, -46221.790000, -387.980000
R, 1567866562.821469, -37689.030000, -427.540000
R, 1567866562.832231, -34082.730000, -462.880000
R, 1567866562.842780, -31973.690000, -495.670000
R, 1567866562.853607, -33068.460000, -518.230000
R, 1567866562.865158, -32215.190000, -551.760000
R, 1567866562.876110, -25694.870000, -579.270000
R, 1567866562.886653, -21863.180000, -601.000000
R, 1567866562.897019, -18095.890000, -613.340000
R, 1567866562.908499, -15117.470000, -629.270000
R, 1567866562.920104, -12042.460000, -642.140000
R, 1567866562.931512, -10255.410000, -649.130000
R, 1567866562.940395, -6794.010000, -656.620000
R, 1567866562.952375, -3509.700000, -660.770000
R, 1567866562.964045, -1529.460000, -661.870000
R, 1567866562.975491, 1062.570000, -661.150000
R, 1567866562.986406, 3284.310000, -658.170000
R, 1567866562.995647, 6198.320000, -652.340000
R, 1567866563.007394, 8242.970000, -643.270000
R, 1567866563.018734, 11623.870000, -635.340000
R, 1567866563.029652, 15487.760000, -620.230000
R, 1567866563.039542, 20237.130000, -600.340000
R, 1567866563.050615, 24036.620000, -574.430000
R, 1567866563.062285, 32987.960000, -551.920000
R, 1567866563.073534, 41005.540000, -510.700000
R, 1567866563.084599, 37978.820000, -471.090000
R, 1567866563.096520, 38799.900000, -444.620000
R, 1567866563.105859, 44016.150000, -400.680000
R, 1567866563.116735, 57620.260000, -344.380000
R, 1567866563.128330, 55140.930000, -289.570000
R, 1567866563.139860, 51743.930000, -254.250000
R, 1567866563.149516, 67521.480000, -188.660000
R, 1567866563.160520, 73977.400000, -110.480000
R, 1567866563.172410, 70902.390000, -35.770000
R, 1567866563.183100, 90270.140000, 25.830000
R, 1567866563.193918, 70902.390000, 101.600000
R, 1567866563.204680, 86712.140000, 186.080000
R, 1567866563.215740, 86679.940000, 270.700000
R, 1567866563.227477, 76505.030000, 322.920000
R, 1567866563.238722, 87050.230000, 411.880000
R, 1567866563.248829, 72496.240000, 485.730000
R, 1567866563.259395, 87887.410000, 545.700000
R, 1567866563.270795, 78501.370000, 631.690000
R, 1567866563.282109, 86003.760000, 716.590000
R, 1567866563.292008, 88128.900000, 801.510000
R, 1567866563.302946, 76456.730000, 853.680000
R, 1567866563.314422, 97450.530000, 950.410000
R, 1567866563.325783, 80256.220000, 1032.640000
R, 1567866563.337601, 95180.500000, 1128.250000
R, 1567866563.346788, 76376.230000, 1180.370000
R, 1567866563.358569, 97498.830000, 1274.450000
R, 1567866563.370053, 83041.440000, 1364.710000
R, 1567866563.380434, 89513.460000, 1785.790000
R, 1567866563.390579, 84973.390000, 1519.520000
R, 1567866563.401726, 91912.290000, 1609.370000
R, 1567866563.412894, 103037.080000, 1708.750000
R, 1567866563.423653, 88982.170000, 2129.470000
R, 1567866563.434566, 93860.340000, 1869.570000
R, 1567866563.445679, 91815.690000, 1959.930000
R, 1567866563.456693, 108543.120000, 2064.340000
R, 1567866563.467654, 91461.500000, 2126.770000
R, 1567866563.478629, 97370.040000, 2230.260000
R, 1567866563.490135, 96275.270000, 2324.640000
R, 1567866563.501151, 110652.160000, 2431.230000
R, 1567866563.512409, 96500.660000, 2497.080000
R, 1567866563.524693, 95051.700000, 2601.390000
R, 1567866563.535328, 106095.990000, 2704.020000
R, 1567866563.544922, 106820.470000, 2776.920000
R, 1567866563.555631, 105741.800000, 2881.050000
R, 1567866563.566494, 90898.020000, 2981.800000
R, 1567866563.580836, 103552.260000, 3094.410000
R, 1567866563.589410, 98754.600000, 3161.810000
R, 1567866563.600459, 114709.240000, 3273.760000
R, 1567866563.611915, 93007.060000, 3370.230000
R, 1567866563.623372, 117494.460000, 3486.400000
R, 1567866563.634398, 97804.720000, 3553.150000
R, 1567866563.643752, 109138.800000, 3665.560000
R, 1567866563.654899, 103713.260000, 3767.290000
R, 1567866563.666918, 116061.610000, 3879.570000
R, 1567866563.677148, 106079.890000, 3951.960000
R, 1567866563.689959, 94858.510000, 4057.670000
R, 1567866563.698682, 118750.230000, 4171.940000
R, 1567866563.709782, 101491.520000, 4241.200000
R, 1567866563.721281, 116093.800000, 4354.710000
R, 1567866563.732445, 94649.210000, 4452.650000
R, 1567866563.744253, 118460.440000, 4569.280000
R, 1567866563.754526, 98641.900000, 4636.590000
R, 1567866563.764655, 107673.740000, 4748.470000
R, 1567866563.775699, 103906.450000, 4850.450000
R, 1567866563.786562, 111666.430000, 4957.530000
R, 1567866563.798434, 85826.660000, 5016.100000
R, 1567866563.809523, 65348.040000, 5090.110000
R, 1567866563.820519, 20414.220000, 5117.540000
R, 1567866563.831348, -2543.730000, 5115.820000
R, 1567866563.841660, -36320.570000, 5084.450000
R, 1567866563.853034, -79258.050000, 5010.970000
R, 1567866563.863661, -82381.360000, 4931.600000
R, 1567866563.874735, -86357.950000, 4872.670000
R, 1567866563.885934, -81801.780000, 4783.740000
R, 1567866563.896577, -80336.720000, 4703.750000
R, 1567866563.907068, -96275.270000, 4608.860000
R, 1567866563.918599, -85762.270000, 4550.350000
R, 1567866563.929700, -105580.800000, 4443.650000
R, 1567866563.940428, -93168.060000, 4349.170000
R, 1567866563.951271, -115804.010000, 4234.500000
R, 1567866563.963191, -114805.840000, 4156.160000
R, 1567866563.973783, -111328.340000, 4033.270000
R, 1567866563.984615, -126478.010000, 3910.230000
R, 1567866563.997191, -114693.140000, 3831.970000
R, 1567866564.006985, -129392.030000, 3696.190000
R, 1567866564.017711, -134237.990000, 3566.720000
R, 1567866564.029226, -118540.930000, 3441.670000
R, 1567866564.040239, -133738.900000, 3350.400000
R, 1567866564.051337, -131951.850000, 3222.360000
R, 1567866564.060936, -128104.060000, 3090.280000
R, 1567866564.072526, -145555.970000, 2950.050000
R, 1567866564.083525, -142899.540000, 2852.530000
R, 1567866564.094985, -138117.980000, 2712.510000
R, 1567866564.105937, -126268.720000, 2573.150000
R, 1567866564.116109, -145620.370000, 2430.600000
R, 1567866564.128339, -139244.950000, 2335.590000
R, 1567866564.138610, -116190.400000, 2208.770000
R, 1567866564.149163, -128474.350000, 2074.450000
R, 1567866564.159914, -129730.120000, 1985.920000
R, 1567866564.173858, -115337.130000, 1858.780000
R, 1567866564.183208, -130776.590000, 1725.610000
R, 1567866564.193837, -121165.160000, 1594.480000
R, 1567866564.203512, -111924.020000, 1518.100000
R, 1567866564.214629, -128876.840000, 1393.490000
R, 1567866564.228429, -112922.190000, 1278.630000
R, 1567866564.236987, -117623.260000, 1165.610000
R, 1567866564.248873, -98641.900000, 1098.290000
R, 1567866564.259359, -98609.700000, 990.550000
R, 1567866564.270659, -108285.530000, 884.890000
R, 1567866564.283378, -92572.370000, 821.730000
R, 1567866564.292169, -86019.860000, 735.700000
R, 1567866564.302458, -83556.630000, 644.770000
R, 1567866564.313766, -77953.990000, 561.170000
R, 1567866564.325310, -94745.810000, 496.520000
R, 1567866564.338965, -74090.100000, 418.800000
R, 1567866564.347002, -90415.030000, 329.800000
R, 1567866564.359109, -75265.360000, 254.820000
R, 1567866564.369157, -72673.340000, 205.220000
R, 1567866564.380099, -72125.950000, 127.790000
R, 1567866564.391743, -58344.740000, 66.850000
R, 1567866564.402730, -63351.700000, -1.360000
R, 1567866564.413131, -65396.340000, -45.990000
R, 1567866564.423752, -50423.770000, -99.330000
R, 1567866564.434951, -51937.130000, -151.490000
R, 1567866564.446992, -61049.470000, -193.140000
R, 1567866564.457950, -49312.900000, -245.760000
R, 1567866564.467772, -41923.210000, -289.760000
R, 1567866564.478355, -41569.020000, -333.410000
R, 1567866564.491129, -49248.500000, -367.010000
R, 1567866564.501948, -42132.500000, -411.870000
R, 1567866564.511761, -35708.790000, -449.450000
R, 1567866564.522674, -32537.180000, -482.080000
R, 1567866564.533744, -31104.320000, -503.290000
R, 1567866564.546099, -34179.330000, -537.760000
R, 1567866564.555143, -29687.560000, -569.300000
R, 1567866564.566073, -25308.480000, -594.180000
R, 1567866564.577731, -20865.010000, -608.410000
R, 1567866564.588883, -17387.510000, -626.760000
R, 1567866564.600132, -13459.220000, -641.250000
R, 1567866564.611121, -10609.600000, -648.490000
R, 1567866564.621516, -5779.740000, -655.300000
R, 1567866564.631788, -1159.170000, -657.180000
R, 1567866564.642692, 1336.260000, -655.370000
R, 1567866564.654496, 4105.380000, -652.550000
R, 1567866564.664600, 7099.900000, -645.810000
R, 1567866564.676397, 10883.290000, -635.350000
R, 1567866564.687391, 13507.520000, -620.760000
R, 1567866564.697741, 18450.080000, -608.160000
R, 1567866564.708800, 24117.120000, -584.460000
R, 1567866564.720438, 33631.950000, -552.010000
R, 1567866564.730913, 41536.820000, -523.660000
R, 1567866564.741767, 41971.510000, -480.200000
R, 1567866564.752714, 42534.990000, -437.340000
R, 1567866564.764582, 49409.500000, -388.390000
R, 1567866564.774848, 59439.510000, -347.820000
R, 1567866564.786458, 53144.590000, -290.870000
R, 1567866564.797570, 55929.810000, -235.140000
R, 1567866564.809992, 68117.170000, -160.820000
R, 1567866564.818739, 73687.610000, -110.530000
R, 1567866564.829631, 74170.590000, -36.340000
R, 1567866564.841514, 87565.410000, 52.910000
R, 1567866564.852620, 71353.170000, 127.080000
R, 1567866564.863967, 87340.020000, 186.690000
R, 1567866564.875349, 77648.100000, 271.550000
R, 1567866564.884866, 83073.640000, 353.990000
R, 1567866564.896852, 86873.130000, 413.270000
R, 1567866564.906878, 72882.630000, 487.400000
R, 1567866564.919199, 94761.910000, 580.080000
R, 1567866564.928618, 78195.480000, 659.710000
R, 1567866564.939477, 86454.550000, 1078.710000
R, 1567866564.951353, 76215.240000, 802.940000
R, 1567866564.961428, 83959.120000, 885.470000
R, 1567866564.972480, 96613.360000, 978.660000
R, 1567866564.983574, 79902.030000, 1033.190000
R, 1567866564.994158, 94536.520000, 1128.110000
R, 1567866565.005501, 77551.500000, 1207.200000
R, 1567866565.016306, 96291.370000, 1306.490000
R, 1567866565.027534, 82574.560000, 1362.850000
R, 1567866565.038688, 98062.320000, 1458.450000
R, 1567866565.049735, 78710.670000, 1543.480000
R, 1567866565.060154, 89626.160000, 1604.640000
R, 1567866565.071174, 91252.210000, 1704.300000
R, 1567866565.083380, 95856.680000, 1798.730000
R, 1567866565.093560, 95969.380000, 1891.670000
R, 1567866565.104834, 88917.780000, 1952.350000
R, 1567866565.115613, 98529.200000, 2057.290000
R, 1567866565.126731, 97531.030000, 2153.730000
R, 1567866565.138632, 100767.040000, 2250.880000
R, 1567866565.149847, 92346.980000, 2313.900000
R, 1567866565.159752, 100332.350000, 2421.690000
R, 1567866565.170844, 103648.860000, 2523.450000
R, 1567866565.181700, 99704.470000, 2591.490000
R, 1567866565.192797, 99913.760000, 2689.170000
R, 1567866565.204530, 97498.830000, 2796.920000
R, 1567866565.215518, 100638.240000, 2905.820000
R, 1567866565.225878, 93522.250000, 2969.650000
R, 1567866565.237572, 112455.310000, 3077.840000
R, 1567866565.247238, 95727.880000, 3181.000000
R, 1567866565.258806, 111618.130000, 3293.120000
R, 1567866565.269831, 91155.610000, 3355.320000
R, 1567866565.281318, 118347.740000, 3470.880000
R, 1567866565.292021, 100251.850000, 3572.530000
R, 1567866565.304352, 114000.860000, 3681.540000
R, 1567866565.313453, 97337.840000, 3747.960000
R, 1567866565.324275, 107899.140000, 3862.960000
R, 1567866565.335721, 111827.430000, 3972.520000
R, 1567866565.347126, 100750.940000, 4041.280000
R, 1567866565.358130, 111585.930000, 4149.160000
R, 1567866565.369608, 98158.910000, 4256.290000
R, 1567866565.379835, 111714.730000, 4369.810000
R, 1567866565.389989, 92701.170000, 4433.080000
R, 1567866565.403112, 118830.730000, 4548.810000
R, 1567866565.412670, 100026.460000, 4650.800000
R, 1567866565.423280, 114033.060000, 4760.020000
R, 1567866565.434929, 96339.670000, 4825.770000
R, 1567866565.446154, 108188.930000, 4939.900000
R, 1567866565.455652, 102103.300000, 5042.330000
R, 1567866565.466639, 87710.310000, 5123.070000
R, 1567866565.478286, 46076.890000, 5154.510000
R, 1567866565.489737, 10287.610000, 5171.470000
R, 1567866565.500667, -25727.070000, 5151.030000
R, 1567866565.512381, -44821.130000, 5120.450000
R, 1567866565.521696, -85230.980000, 5042.680000
R, 1567866565.533802, -107577.150000, 4931.980000
R, 1567866565.544805, -143897.720000, 4785.390000
R, 1567866565.555861, -117945.250000, 4704.920000
R, 1567866565.566844, -111344.440000, 4585.860000
R, 1567866565.578753, -113598.380000, 4471.220000
R, 1567866565.587511, -98979.990000, 4371.890000
R, 1567866565.598885, -111328.340000, 4295.920000
R, 1567866565.610430, -101266.130000, 4191.790000
R, 1567866565.622696, -114886.340000, 4073.260000
R, 1567866565.632142, -101362.720000, 4004.100000
R, 1567866565.644051, -126172.120000, 3874.430000
R, 1567866565.655100, -138439.970000, 3737.770000
R, 1567866565.664621, -111827.430000, 3615.020000
R, 1567866565.675947, -132386.540000, 3524.680000
R, 1567866565.686655, -153348.150000, 3376.670000
R, 1567866565.698147, -129392.030000, 3245.520000
R, 1567866565.709750, -137892.590000, 3107.250000
R, 1567866565.720879, -148373.390000, 3006.010000
R, 1567866565.731514, -133368.610000, 2873.540000
R, 1567866565.743900, -128989.540000, 2737.580000
R, 1567866565.752587, -147085.420000, 2596.310000
R, 1567866565.764845, -139470.340000, 2501.140000
R, 1567866565.775584, -135992.840000, 2361.120000
R, 1567866565.785203, -123563.990000, 2222.160000
R, 1567866565.796989, -140307.520000, 2126.410000
R, 1567866565.807932, -132016.250000, 1992.590000
R, 1567866565.818363, -114113.560000, 1865.200000
R, 1567866565.829061, -131581.560000, 1733.680000
R, 1567866565.840482, -119426.410000, 1652.180000
R, 1567866565.851859, -116882.680000, 1522.970000
R, 1567866565.862833, -132064.550000, 1395.370000
R, 1567866565.874094, -107416.150000, 1281.690000
R, 1567866565.885418, -123757.190000, 1197.240000
R, 1567866565.895487, -108011.830000, 1088.700000
R, 1567866565.907209, -101555.920000, 977.820000
R, 1567866565.918422, -108446.520000, 903.810000
R, 1567866565.929073, -91606.400000, 802.240000
R, 1567866565.939044, -105500.310000, 700.970000
R, 1567866565.950505, -86196.950000, 608.990000
R, 1567866565.961935, -95824.480000, 543.600000
R, 1567866565.972981, -79032.660000, 455.680000
R, 1567866565.982778, -77310.010000, 378.760000
R, 1567866565.993765, -87581.510000, 292.940000
R, 1567866566.005627, -72769.930000, 243.280000
R, 1567866566.016579, -86535.040000, 158.570000
R, 1567866566.027025, -65992.030000, 87.660000
R, 1567866566.037972, -61806.150000, 21.180000
R, 1567866566.050084, -75152.670000, -30.100000
R, 1567866566.060558, -61790.050000, -94.890000
R, 1567866566.070711, -65766.630000, -160.590000
R, 1567866566.082591, -70049.110000, -208.390000
R, 1567866566.094463, -49683.190000, -261.740000
R, 1567866566.105015, -44676.230000, -307.740000
R, 1567866566.115310, -50262.770000, -360.830000
R, 1567866566.126759, -50246.670000, -395.120000
R, 1567866566.136708, -40586.950000, -437.900000
R, 1567866566.148939, -38300.810000, -477.330000
R, 1567866566.160119, -40216.660000, -519.870000
R, 1567866566.170783, -45078.720000, -550.630000
R, 1567866566.181891, -34436.920000, -587.930000
R, 1567866566.192235, -27932.710000, -617.340000
R, 1567866566.202709, -25050.890000, -642.260000
R, 1567866566.216129, -21991.980000, -657.270000
R, 1567866566.227849, -20800.610000, -678.640000
R, 1567866566.237499, -20494.720000, -699.510000
R, 1567866566.246585, -19206.750000, -712.620000
R, 1567866566.257799, -15342.860000, -729.100000
R, 1567866566.269791, -10545.200000, -740.620000
R, 1567866566.280553, -7727.780000, -747.940000
R, 1567866566.291985, -4089.280000, -750.730000
R, 1567866566.301852, -289.790000, -751.660000
R, 1567866566.312551, 3348.700000, -748.880000
R, 1567866566.324354, 5989.030000, -742.100000
R, 1567866566.336229, 10013.920000, -735.270000
R, 1567866566.346546, 15809.750000, -720.070000
R, 1567866566.356585, 20446.420000, -699.860000
R, 1567866566.367631, 22346.170000, -684.610000
R, 1567866566.379919, 23811.220000, -660.490000
R, 1567866566.392035, 26628.640000, -633.800000
R, 1567866566.401375, 30073.950000, -601.900000
R, 1567866566.411507, 36835.750000, -576.750000
R, 1567866566.423288, 50294.970000, -527.810000
R, 1567866566.435177, 48169.830000, -477.030000
R, 1567866566.446906, 46157.390000, -429.050000
R, 1567866566.455647, 52339.610000, -393.330000
R, 1567866566.466552, 66652.110000, -327.380000
R, 1567866566.478204, 56123.010000, -268.950000
R, 1567866566.489917, 61886.640000, -202.340000
R, 1567866566.500987, 84651.400000, -144.570000
R, 1567866566.510378, 72415.740000, -69.020000
R, 1567866566.521700, 88853.380000, 17.850000
R, 1567866566.532965, 78131.080000, 71.170000
R, 1567866566.543647, 75571.250000, 146.710000
R, 1567866566.553893, 89207.570000, 238.170000
R, 1567866566.565390, 74830.680000, 315.430000
R, 1567866566.575652, 88305.990000, 375.700000
R, 1567866566.586624, 71433.670000, 453.460000
R, 1567866566.597743, 84490.400000, 536.080000
R, 1567866566.608689, 90881.920000, 624.110000
R, 1567866566.619710, 77535.400000, 677.020000
R, 1567866566.630648, 90785.320000, 768.740000
R, 1567866566.643235, 74782.380000, 844.850000
R, 1567866566.652899, 91429.300000, 940.430000
R, 1567866566.664489, 80707.010000, 995.520000
R, 1567866566.675456, 91493.700000, 1085.220000
R, 1567866566.686379, 77277.810000, 1170.530000
R, 1567866566.698636, 81592.480000, 1226.210000
R, 1567866566.708534, 95872.780000, 1325.540000
R, 1567866566.719483, 85874.960000, 1411.900000
R, 1567866566.730482, 100106.960000, 1508.140000
R, 1567866566.741648, 80127.430000, 1562.820000
R, 1567866566.752401, 105452.010000, 1665.820000
R, 1567866566.762561, 86406.250000, 1754.760000
R, 1567866566.773713, 103165.870000, 1856.590000
R, 1567866566.784696, 82139.870000, 1912.640000
R, 1567866566.796424, 109138.800000, 2018.090000
R, 1567866566.807352, 89159.270000, 2110.840000
R, 1567866566.818355, 106160.390000, 2183.280000
R, 1567866566.829423, 85069.990000, 2274.130000
R, 1567866566.840441, 112729.000000, 2383.340000
R, 1567866566.850623, 92604.570000, 2478.960000
R, 1567866566.862381, 110442.860000, 2554.330000
R, 1567866566.873488, 88949.970000, 2646.640000
R, 1567866566.884608, 113437.380000, 2759.350000
R, 1567866566.895739, 93956.930000, 2858.620000
R, 1567866566.907247, 110346.270000, 2933.930000
R, 1567866566.916957, 95438.090000, 3029.220000
R, 1567866566.927567, 105709.600000, 3142.070000
R, 1567866566.938936, 98287.710000, 3248.990000
R, 1567866566.950136, 100557.750000, 3317.610000
R, 1567866566.961855, 107899.140000, 3422.310000
R, 1567866566.972505, 97643.730000, 3529.710000
R, 1567866566.984528, 108366.020000, 3603.660000
R, 1567866566.994851, 92089.390000, 3705.350000
R, 1567866567.004934, 118718.030000, 3819.970000
R, 1567866567.015902, 98738.500000, 3921.770000
R, 1567866567.027830, 115337.130000, 4000.470000
R, 1567866567.038714, 94761.910000, 4097.320000
R, 1567866567.049177, 112503.610000, 4213.080000
R, 1567866567.059682, 98368.210000, 4319.060000
R, 1567866567.070684, 105661.300000, 4391.160000
R, 1567866567.082323, 104840.220000, 4493.830000
R, 1567866567.094782, 99462.980000, 4603.560000
R, 1567866567.104376, 105371.510000, 5035.460000
R, 1567866567.115651, 93184.150000, 4778.880000
R, 1567866567.126420, 114338.950000, 4889.480000
R, 1567866567.136483, 92475.770000, 4979.740000
R, 1567866567.149625, 72383.550000, 5389.150000
R, 1567866567.159110, 36497.660000, 5075.280000
R, 1567866567.169326, -6343.220000, 5075.460000
R, 1567866567.181150, -32488.880000, 5035.170000
R, 1567866567.191726, -65702.230000, 4990.330000
R, 1567866567.202733, -93103.660000, 4901.070000
R, 1567866567.213881, -128136.260000, 4768.320000
R, 1567866567.224707, -148083.600000, 4612.100000
R, 1567866567.235996, -128506.550000, 4524.410000
R, 1567866567.246916, -113034.890000, 4394.840000
R, 1567866567.258314, -126139.920000, 4272.280000
R, 1567866567.269224, -105484.210000, 4200.290000
R, 1567866567.279878, -121471.050000, 4077.360000
R, 1567866567.290016, -115160.030000, 3964.120000
R, 1567866567.301130, -124707.060000, 3840.490000
R, 1567866567.312503, -136459.730000, 3747.370000
R, 1567866567.323279, -121760.840000, 3623.090000
R, 1567866567.334509, -135622.550000, 3478.030000
R, 1567866567.345660, -152333.880000, 3332.200000
R, 1567866567.356009, -131501.070000, 3242.460000
R, 1567866567.367177, -139808.430000, 3094.190000
R, 1567866567.378520, -129536.920000, 2949.220000
R, 1567866567.389316, -144155.310000, 2804.490000
R, 1567866567.400396, -140758.300000, 2708.450000
R, 1567866567.410572, -122742.920000, 2572.430000
R, 1567866567.421926, -139277.150000, 2427.540000
R, 1567866567.434257, -145330.570000, 2328.370000
R, 1567866567.444211, -125656.930000, 2194.430000
R, 1567866567.457179, -134978.570000, 2048.680000
R, 1567866567.465731, -150466.330000, 1902.970000
R, 1567866567.476934, -121583.750000, 1820.020000
R, 1567866567.488587, -118396.040000, 1688.660000
R, 1567866567.499516, -129182.730000, 1559.080000
R, 1567866567.509345, -105452.010000, 1443.800000
R, 1567866567.521160, -120408.480000, 1361.630000
R, 1567866567.532645, -126510.210000, 1238.640000
R, 1567866567.543828, -97579.330000, 1132.770000
R, 1567866567.554852, -117462.270000, 1052.610000
R, 1567866567.565457, -102055.000000, 946.100000
R, 1567866567.575562, -106160.390000, 833.720000
R, 1567866567.587218, -86003.760000, 742.540000
R, 1567866567.599040, -101813.510000, 673.070000
R, 1567866567.608943, -85971.560000, 584.740000
R, 1567866567.619495, -94278.920000, 485.950000
R, 1567866567.630979, -74347.690000, 411.020000
R, 1567866567.643001, -81640.780000, 355.320000
R, 1567866567.653421, -70419.400000, 279.540000
R, 1567866567.663691, -73784.210000, 206.130000
R, 1567866567.674929, -83798.120000, 125.100000
R, 1567866567.685512, -62933.110000, 82.160000
R, 1567866567.698027, -66909.700000, 16.140000
R, 1567866567.709179, -65026.050000, -53.820000
R, 1567866567.719395, -57072.880000, -92.770000
R, 1567866567.730826, -60985.070000, -153.710000
R, 1567866567.743309, -63432.200000, -220.990000
R, 1567866567.752515, -51019.450000, -271.380000
R, 1567866567.762028, -42679.890000, -300.500000
R, 1567866567.773059, -49329.000000, -349.220000
R, 1567866567.785078, -47316.560000, -399.400000
R, 1567866567.796475, -40780.140000, -440.150000
R, 1567866567.806688, -36336.670000, -464.940000
R, 1567866567.817811, -37173.840000, -502.390000
R, 1567866567.828614, -42808.680000, -545.590000
R, 1567866567.840036, -37914.420000, -582.650000
R, 1567866567.852423, -29027.480000, -602.450000
R, 1567866567.862558, -24036.620000, -627.790000
R, 1567866567.872415, -20639.610000, -649.400000
R, 1567866567.883398, -18965.260000, -662.330000
R, 1567866567.894719, -17870.490000, -680.720000
R, 1567866567.907808, -16646.930000, -697.980000
R, 1567866567.917217, -14972.570000, -712.580000
R, 1567866567.926714, -10770.590000, -719.930000
R, 1567866567.938414, -6278.820000, -727.200000
R, 1567866567.949054, -1432.860000, -729.480000
R, 1567866567.961585, 1529.460000, -727.330000
R, 1567866567.970823, 5618.740000, -723.490000
R, 1567866567.981700, 10657.900000, -713.430000
R, 1567866567.993498, 15584.360000, -698.320000
R, 1567866568.005291, 17902.690000, -686.100000
R, 1567866568.015490, 19721.940000, -666.170000
R, 1567866568.026652, 21943.680000, -644.100000
R, 1567866568.036931, 24245.910000, -618.410000
R, 1567866568.048322, 30170.540000, -597.820000
R, 1567866568.059577, 39041.390000, -559.840000
R, 1567866568.070853, 51293.140000, -508.770000
R, 1567866568.081581, 48041.040000, -460.240000
R, 1567866568.091616, 48733.320000, -426.980000
R, 1567866568.104012, 59423.410000, -368.760000
R, 1567866568.114073, 61967.140000, -303.070000
R, 1567866568.124502, 56396.700000, -243.980000
R, 1567866568.135898, 69662.720000, -196.450000
R, 1567866568.146547, 80224.020000, -112.170000
R, 1567866568.157586, 77648.100000, -34.060000
R, 1567866568.168243, 90205.740000, 27.500000
R, 1567866568.179461, 70982.880000, 103.170000
R, 1567866568.190411, 87694.210000, 188.480000
R, 1567866568.201476, 86052.060000, 272.710000
R, 1567866568.212228, 76955.820000, 325.240000
R, 1567866568.223836, 86583.340000, 414.380000
R, 1567866568.234763, 73333.420000, 488.660000
R, 1567866568.245299, 89674.450000, 581.840000
R, 1567866568.256726, 78275.980000, 635.250000
R, 1567866568.267011, 87887.410000, 721.630000
R, 1567866568.278040, 75989.840000, 805.570000
R, 1567866568.289827, 77712.490000, 858.600000
R, 1567866568.300908, 96355.760000, 955.570000
R, 1567866568.312230, 80964.600000, 1038.100000
R, 1567866568.324070, 96355.760000, 1133.570000
R, 1567866568.333723, 76183.040000, 1185.560000
R, 1567866568.344622, 99511.280000, 1281.420000
R, 1567866568.356034, 82622.850000, 1370.140000
R, 1567866568.367897, 91300.510000, 1467.820000
R, 1567866568.379155, 82928.750000, 1524.410000
R, 1567866568.388690, 94150.130000, 1616.110000
R, 1567866568.399498, 88563.590000, 1713.810000
R, 1567866568.410732, 89948.150000, 1811.720000
R, 1567866568.422646, 91300.510000, 1874.030000
R, 1567866568.433867, 93296.850000, 1965.500000
R, 1567866568.444056, 93844.240000, 2068.570000
R, 1567866568.453885, 92041.090000, 2491.380000
R, 1567866568.464836, 95019.500000, 2233.660000
R, 1567866568.476462, 97273.440000, 2328.760000
R, 1567866568.487849, 108993.910000, 2434.030000
R, 1567866568.498692, 96661.660000, 2859.990000
R, 1567866568.510219, 93538.340000, 2603.080000
R, 1567866568.520782, 106015.490000, 2705.670000
R, 1567866568.530961, 105613.000000, 2809.470000
R, 1567866568.541838, 105065.620000, 2881.160000
R, 1567866568.555440, 90334.540000, 2981.250000
R, 1567866568.582515, 115948.910000, 3092.770000
