R, 1567845645.827434, 0.830000, -539.860000
R, 1567845645.841120, 11543.370000, -528.380000
R, 1567845645.852648, 12895.730000, -514.910000
R, 1567845645.859847, 13877.810000, -505.440000
R, 1567845645.867635, 14425.190000, -490.700000
R, 1567845645.878547, 15326.760000, -475.220000
R, 1567845645.889636, 16888.420000, -463.700000
R, 1567845645.900601, 20543.020000, -443.380000
R, 1567845645.911412, 24390.810000, -419.040000
R, 1567845645.922498, 26982.830000, -390.720000
R, 1567845645.933711, 31297.510000, -369.350000
R, 1567845645.944353, 32311.780000, -336.050000
R, 1567845645.955709, 28431.790000, -306.380000
R, 1567845645.966296, 29623.160000, -274.890000
R, 1567845645.977711, 38751.600000, -248.430000
R, 1567845645.988662, 47042.860000, -201.610000
R, 1567845645.999673, 49329.000000, -150.460000
R, 1567845646.010667, 43307.770000, -120.890000
R, 1567845646.021256, 50713.560000, -71.470000
R, 1567845646.032727, 61693.450000, -10.070000
R, 1567845646.043655, 61886.640000, 50.280000
R, 1567845646.054091, 55575.620000, 88.220000
R, 1567845646.065097, 78485.270000, 165.230000
R, 1567845646.076747, 67296.090000, 239.040000
R, 1567845646.087538, 66314.020000, 309.800000
R, 1567845646.097890, 78018.390000, 363.050000
R, 1567845646.109689, 59359.010000, 428.230000
R, 1567845646.119959, 73961.300000, 499.980000
R, 1567845646.131572, 81318.790000, 555.470000
R, 1567845646.142701, 63110.210000, 622.620000
R, 1567845646.152790, 76891.420000, 699.270000
R, 1567845646.163857, 75539.060000, 771.510000
R, 1567845646.174650, 61274.860000, 813.340000
R, 1567845646.186552, 81141.700000, 893.850000
R, 1567845646.196884, 66040.330000, 966.620000
R, 1567845646.207829, 70242.310000, 1041.210000
R, 1567845646.219011, 80240.120000, 1095.960000
R, 1567845646.229512, 60292.790000, 1160.320000
R, 1567845646.241549, 80529.910000, 1239.250000
R, 1567845646.251860, 81222.190000, 1294.680000
R, 1567845646.262846, 69002.640000, 1364.320000
R, 1567845646.273729, 82510.160000, 1447.540000
R, 1567845646.284408, 68052.770000, 1514.830000
R, 1567845646.295795, 74138.400000, 1565.420000
R, 1567845646.306644, 84345.510000, 1651.630000
R, 1567845646.317746, 70322.800000, 1722.970000
R, 1567845646.328738, 82284.760000, 1808.270000
R, 1567845646.339854, 69308.530000, 1855.580000
R, 1567845646.350444, 77197.310000, 1929.800000
R, 1567845646.361749, 84812.390000, 2017.420000
R, 1567845646.372755, 69131.440000, 2091.430000
R, 1567845646.383557, 85617.370000, 2149.860000
R, 1567845646.394159, 67360.490000, 2224.910000
R, 1567845646.405720, 83331.230000, 2305.070000
R, 1567845646.416313, 90125.240000, 2366.580000
R, 1567845646.427784, 73462.210000, 2441.790000
R, 1567845646.438797, 89046.570000, 2531.540000
R, 1567845646.449166, 71272.680000, 2603.390000
R, 1567845646.460559, 84152.310000, 2660.810000
R, 1567845646.471335, 83798.120000, 2750.100000
R, 1567845646.482766, 82944.850000, 2831.020000
R, 1567845646.493632, 91010.720000, 2919.570000
R, 1567845646.504807, 68841.650000, 2966.550000
R, 1567845646.515530, 94214.530000, 3059.260000
R, 1567845646.526123, 74637.480000, 3141.000000
R, 1567845646.537652, 86776.540000, 3200.230000
R, 1567845646.547964, 81866.180000, 3288.090000
R, 1567845646.559625, 83009.240000, 3367.980000
R, 1567845646.570155, 97160.740000, 3462.850000
R, 1567845646.581596, 76843.120000, 3515.280000
R, 1567845646.591820, 94536.520000, 3610.290000
R, 1567845646.603545, 71530.270000, 3687.010000
R, 1567845646.614504, 90769.220000, 3783.330000
R, 1567845646.625054, 83782.020000, 3840.500000
R, 1567845646.635901, 91139.510000, 3929.210000
R, 1567845646.646863, 79660.540000, 4016.680000
R, 1567845646.658665, 78549.670000, 4070.290000
R, 1567845646.668909, 97869.120000, 4169.380000
R, 1567845646.679807, 82461.860000, 4252.580000
R, 1567845646.691612, 95727.880000, 4348.630000
R, 1567845646.701775, 72834.330000, 4398.330000
R, 1567845646.712863, 97434.430000, 4493.460000
R, 1567845646.723695, 78662.370000, 4580.210000
R, 1567845646.734923, 90366.730000, 4675.070000
R, 1567845646.745703, 83170.240000, 4731.820000
R, 1567845646.756766, 88080.600000, 4816.340000
R, 1567845646.767735, 89513.460000, 4911.420000
R, 1567845646.778660, 80014.730000, 4966.020000
R, 1567845646.789790, 87340.020000, 5056.150000
R, 1567845646.800417, 55108.740000, 5117.140000
R, 1567845646.811578, 55623.920000, 5173.340000
R, 1567845646.823557, 48153.730000, 5206.210000
R, 1567845646.833846, 33744.640000, 5243.720000
R, 1567845646.844710, 18949.160000, 5265.470000
R, 1567845646.855546, 10335.910000, 5274.000000
R, 1567845646.866781, 354.190000, 5274.240000
R, 1567845646.877714, -4491.770000, 5270.300000
R, 1567845646.888656, -7180.400000, 5263.360000
R, 1567845646.899736, -9563.130000, 5256.840000
R, 1567845646.910901, -15777.550000, 5241.980000
R, 1567845646.921351, -24728.900000, 5218.260000
R, 1567845646.932385, -30460.340000, 5186.200000
R, 1567845646.943770, -35000.410000, 5162.310000
R, 1567845646.954248, -36690.860000, 5124.570000
R, 1567845646.965737, -34436.920000, 5089.240000
R, 1567845646.976632, -40023.460000, 5045.090000
R, 1567845646.987606, -55962.010000, 5006.900000
R, 1567845646.998706, -57056.780000, 4948.520000
R, 1567845647.009671, -51985.420000, 4895.010000
R, 1567845647.020691, -65621.740000, 4825.520000
R, 1567845647.031545, -68970.440000, 4778.460000
R, 1567845647.042016, -55479.030000, 4719.610000
R, 1567845647.053661, -69372.930000, 4645.450000
R, 1567845647.063934, -76424.530000, 4593.300000
R, 1567845647.074982, -67795.180000, 4523.390000
R, 1567845647.086726, -87098.530000, 4435.060000
R, 1567845647.096763, -73140.220000, 4363.190000
R, 1567845647.107847, -79338.550000, 4309.060000
R, 1567845647.119668, -84039.610000, 4221.360000
R, 1567845647.129853, -81141.700000, 4141.080000
R, 1567845647.141452, -93973.030000, 4048.340000
R, 1567845647.151741, -69550.030000, 4000.880000
R, 1567845647.163441, -91622.500000, 3912.040000
R, 1567845647.173733, -76891.420000, 3829.440000
R, 1567845647.184806, -86213.050000, 3770.620000
R, 1567845647.195888, -84265.010000, 3680.690000
R, 1567845647.206452, -73607.110000, 3607.250000
R, 1567845647.217533, -90060.840000, 3516.560000
R, 1567845647.228633, -74911.170000, 3465.440000
R, 1567845647.239612, -94246.720000, 3373.910000
R, 1567845647.250291, -72914.830000, 3294.050000
R, 1567845647.261793, -76392.330000, 3210.610000
R, 1567845647.272743, -87162.930000, 3151.140000
R, 1567845647.283629, -75780.550000, 3073.570000
R, 1567845647.294772, -86583.340000, 2982.910000
R, 1567845647.305620, -69598.320000, 2935.420000
R, 1567845647.316751, -83057.540000, 2856.530000
R, 1567845647.327754, -79563.940000, 2772.800000
R, 1567845647.338207, -71143.880000, 2694.620000
R, 1567845647.349129, -87146.830000, 2635.160000
R, 1567845647.360021, -64076.180000, 2565.000000
R, 1567845647.371528, -82494.060000, 2485.600000
R, 1567845647.382150, -79322.450000, 2407.730000
R, 1567845647.393688, -67424.890000, 2361.730000
R, 1567845647.404689, -81061.200000, 2278.580000
R, 1567845647.415050, -61065.570000, 2211.840000
R, 1567845647.425892, -65847.130000, 1806.910000
R, 1567845647.436949, -76971.910000, 2087.140000
R, 1567845647.448166, -62337.430000, 2020.530000
R, 1567845647.458964, -74186.690000, 1942.940000
R, 1567845647.469939, -72930.930000, 1893.180000
R, 1567845647.481457, -57539.770000, 1832.820000
R, 1567845647.491831, -76344.030000, 1757.560000
R, 1567845647.503876, -71562.470000, 1687.080000
R, 1567845647.513936, -61725.650000, 1644.960000
R, 1567845647.524924, -77374.400000, 1566.740000
R, 1567845647.536651, -60727.480000, 1500.900000
R, 1567845647.546778, -58199.850000, 1101.190000
R, 1567845647.558215, -74701.880000, 1385.750000
R, 1567845647.569484, -63255.100000, 1318.280000
R, 1567845647.579733, -63239.000000, 1249.220000
R, 1567845647.590661, -74734.080000, 1198.220000
R, 1567845647.602054, -57298.270000, 1135.690000
R, 1567845647.612784, -66877.500000, 1071.270000
R, 1567845647.623748, -71787.860000, 999.060000
R, 1567845647.634789, -60260.590000, 957.940000
R, 1567845647.645621, -67344.390000, 892.710000
R, 1567845647.656626, -67296.090000, 822.040000
R, 1567845647.667982, -55962.010000, 783.850000
R, 1567845647.678772, -58038.850000, 727.020000
R, 1567845647.689372, -66523.310000, 658.340000
R, 1567845647.700684, -60550.380000, 598.860000
R, 1567845647.712534, -54963.840000, 561.370000
R, 1567845647.722656, -67135.090000, 493.170000
R, 1567845647.733640, -54706.250000, 434.740000
R, 1567845647.744607, -46318.390000, 386.240000
R, 1567845647.755679, -58988.730000, 345.990000
R, 1567845647.767373, -58586.240000, 284.950000
R, 1567845647.777258, -48878.210000, 232.860000
R, 1567845647.788620, -51244.850000, 197.890000
R, 1567845647.799780, -61017.270000, 135.760000
R, 1567845647.810651, -51727.830000, 80.840000
R, 1567845647.821885, -42921.380000, 37.050000
R, 1567845647.832647, -49023.110000, -356.410000
R, 1567845647.843738, -53225.090000, -51.500000
R, 1567845647.854630, -46575.980000, -100.700000
R, 1567845647.865264, -40522.550000, -142.140000
R, 1567845647.877055, -45432.910000, -173.140000
R, 1567845647.887692, -48733.320000, -223.750000
R, 1567845647.898596, -42229.100000, -268.120000
R, 1567845647.909075, -35740.990000, -292.510000
R, 1567845647.920083, -32263.480000, -325.590000
R, 1567845647.931799, -38220.320000, -363.600000
R, 1567845647.941912, -38590.600000, -402.370000
R, 1567845647.952924, -34292.030000, -425.780000
R, 1567845647.963913, -29172.370000, -456.510000
R, 1567845647.975586, -23296.040000, -481.200000
R, 1567845647.985991, -21428.490000, -503.020000
R, 1567845647.996853, -21460.690000, -517.650000
R, 1567845648.007879, -21895.380000, -540.090000
R, 1567845648.018989, -19834.640000, -560.920000
R, 1567845648.029808, -17516.300000, -572.860000
R, 1567845648.041644, -13781.210000, -587.600000
R, 1567845648.052435, -10352.010000, -598.710000
R, 1567845648.062772, -7985.370000, -606.300000
R, 1567845648.073538, -4813.760000, -609.590000
R, 1567845648.084799, -1803.150000, -611.950000
R, 1567845648.095541, 901.570000, -611.460000
R, 1567845648.107001, 2028.540000, -609.090000
R, 1567845648.117676, 3606.300000, -606.630000
R, 1567845648.128591, 5473.840000, -601.340000
R, 1567845648.139744, 7631.180000, -593.900000
R, 1567845648.150781, 9434.330000, -583.780000
R, 1567845648.161744, 12251.750000, -575.410000
R, 1567845648.173291, 14811.580000, -560.710000
R, 1567845648.183741, 16663.030000, -543.220000
R, 1567845648.194412, 18433.980000, -530.640000
R, 1567845648.205605, 18530.570000, -511.580000
R, 1567845648.216563, 18256.880000, -492.900000
R, 1567845648.228210, 18530.570000, -473.690000
R, 1567845648.238707, 21315.790000, -459.140000
R, 1567845648.249726, 26757.440000, -432.710000
R, 1567845648.260697, 31957.590000, -400.890000
R, 1567845648.271846, 35515.590000, -363.710000
R, 1567845648.282177, 37769.530000, -337.940000
R, 1567845648.293098, 32150.790000, -304.110000
R, 1567845648.304673, 36851.850000, -267.790000
R, 1567845648.315722, 45207.520000, -236.940000
R, 1567845648.326707, 54384.260000, -182.780000
R, 1567845648.337098, 49119.710000, -130.400000
R, 1567845648.348111, 47348.760000, -79.320000
R, 1567845648.359586, 61870.540000, -37.100000
R, 1567845648.370216, 67457.090000, 32.050000
R, 1567845648.380780, 61741.750000, 93.810000
R, 1567845648.391822, 79805.430000, 177.890000
R, 1567845648.403471, 76086.440000, 229.810000
R, 1567845648.414442, 74492.590000, 302.920000
R, 1567845648.424751, 80610.410000, 385.530000
R, 1567845648.435689, 63094.110000, 428.590000
R, 1567845648.447707, 78871.660000, 505.030000
R, 1567845648.458506, 77374.400000, 587.340000
R, 1567845648.469586, 67811.280000, 660.210000
R, 1567845648.479852, 82638.950000, 716.610000
R, 1567845648.490812, 63866.890000, 787.310000
R, 1567845648.501588, 79741.040000, 864.330000
R, 1567845648.512820, 86374.050000, 947.760000
R, 1567845648.524032, 69018.740000, 994.860000
R, 1567845648.534741, 84329.410000, 1079.530000
R, 1567845648.545297, 64301.570000, 1150.540000
R, 1567845648.556859, 74460.390000, 1201.350000
R, 1567845648.567650, 86953.630000, 1289.830000
R, 1567845648.578419, 71981.060000, 1363.080000
R, 1567845648.589658, 84184.510000, 1450.250000
R, 1567845648.600350, 70049.110000, 1498.050000
R, 1567845648.611770, 80240.120000, 1575.120000
R, 1567845648.622772, 84232.810000, 1663.330000
R, 1567845648.633660, 71304.880000, 1740.100000
R, 1567845648.644622, 88064.500000, 1800.200000
R, 1567845648.655165, 66700.410000, 1873.820000
R, 1567845648.666714, 87935.700000, 1959.140000
R, 1567845648.677648, 88032.300000, 2019.210000
R, 1567845648.688222, 78614.070000, 2097.160000
R, 1567845648.699718, 88177.200000, 2187.420000
R, 1567845648.709955, 68342.560000, 2259.990000
R, 1567845648.721756, 90221.840000, 2321.560000
R, 1567845648.732594, 77100.710000, 2406.940000
R, 1567845648.742998, 88692.380000, 2493.670000
R, 1567845648.754745, 88128.900000, 2577.440000
R, 1567845648.764999, 75764.450000, 2629.140000
R, 1567845648.776554, 95760.080000, 2725.680000
R, 1567845648.787723, 78678.470000, 2806.040000
R, 1567845648.797821, 92685.070000, 3229.300000
R, 1567845648.808736, 72480.140000, 2950.210000
R, 1567845648.819846, 93441.750000, 3040.390000
R, 1567845648.831649, 92379.180000, 3129.090000
R, 1567845648.842724, 86019.860000, 3187.800000
R, 1567845648.853267, 88708.480000, 3280.840000
R, 1567845648.863729, 82735.550000, 3361.320000
R, 1567845648.874884, 99640.070000, 3459.590000
R, 1567845648.885936, 78871.660000, 3513.430000
R, 1567845648.896849, 97048.050000, 3610.880000
R, 1567845648.908436, 73993.500000, 3689.840000
R, 1567845648.919624, 94230.630000, 3754.150000
R, 1567845648.930666, 83588.830000, 3846.420000
R, 1567845648.940816, 95003.400000, 3939.300000
R, 1567845648.951622, 90688.730000, 4025.800000
R, 1567845648.962768, 85150.480000, 4083.900000
R, 1567845648.973703, 95824.480000, 4183.260000
R, 1567845648.984640, 89207.570000, 4270.700000
R, 1567845648.995649, 97981.820000, 4365.120000
R, 1567845649.006479, 76585.530000, 4417.390000
R, 1567845649.017868, 101716.910000, 4518.920000
R, 1567845649.028725, 82429.660000, 4604.300000
R, 1567845649.039703, 96983.650000, 5030.490000
R, 1567845649.050630, 75378.060000, 4754.510000
R, 1567845649.061868, 98561.400000, 4850.310000
R, 1567845649.072682, 91252.210000, 4939.180000
R, 1567845649.083675, 89239.770000, 5000.080000
R, 1567845649.094721, 77422.700000, 5084.230000
R, 1567845649.105785, 60663.080000, 5145.860000
R, 1567845649.116641, 61548.550000, 5206.460000
R, 1567845649.127655, 38944.790000, 5233.050000
R, 1567845649.138718, 8693.750000, 5246.100000
R, 1567845649.150318, -1738.750000, 5245.400000
R, 1567845649.160324, -2447.130000, 5242.900000
R, 1567845649.171685, -2141.240000, 5241.450000
R, 1567845649.182741, -3042.810000, 5238.670000
R, 1567845649.193280, -5248.450000, 5232.400000
R, 1567845649.204793, -11092.590000, 5224.840000
R, 1567845649.215036, -19383.850000, 5206.480000
R, 1567845649.226147, -27031.130000, 5180.050000
R, 1567845649.237077, -31233.110000, 5147.160000
R, 1567845649.248662, -34839.410000, 5123.390000
R, 1567845649.258856, -34887.710000, 5088.070000
R, 1567845649.270491, -48942.610000, 5041.180000
R, 1567845649.281140, -59230.220000, 4980.280000
R, 1567845649.291938, -58232.050000, 4940.550000
R, 1567845649.304271, -53885.170000, 4885.940000
R, 1567845649.314630, -70290.600000, 4815.690000
R, 1567845649.324870, -64897.260000, 4771.420000
R, 1567845649.335890, -53160.690000, 4715.930000
R, 1567845649.347682, -75136.570000, 4643.430000
R, 1567845649.358726, -74766.280000, 4569.060000
R, 1567845649.369734, -67843.470000, 4522.760000
R, 1567845649.380911, -87597.610000, 4433.800000
R, 1567845649.390739, -66829.200000, 4361.250000
R, 1567845649.401817, -81624.680000, 4275.180000
R, 1567845649.412813, -82960.940000, 4218.560000
R, 1567845649.423931, -80063.030000, 4139.530000
R, 1567845649.434819, -84828.490000, 4049.670000
R, 1567845649.445709, -68326.460000, 4003.040000
R, 1567845649.456700, -91799.590000, 3914.760000
R, 1567845649.467885, -79402.950000, 3829.860000
R, 1567845649.478740, -89899.850000, 3734.710000
R, 1567845649.489803, -87162.930000, 3675.230000
R, 1567845649.500279, -83170.240000, 3594.160000
R, 1567845649.511361, -89416.860000, 3500.120000
R, 1567845649.522738, -77020.210000, 3415.770000
R, 1567845649.533793, -94407.720000, 3351.360000
R, 1567845649.544736, -69952.510000, 3275.360000
R, 1567845649.555692, -92572.370000, 3184.450000
R, 1567845649.566840, -83492.230000, 3127.490000
R, 1567845649.578250, -89787.150000, 3041.150000
R, 1567845649.588206, -81109.500000, 2953.930000
R, 1567845649.599698, -67746.880000, 2879.440000
R, 1567845649.610315, -87919.600000, 2819.440000
R, 1567845649.621730, -71449.770000, 2742.550000
R, 1567845649.632989, -89851.550000, 2654.910000
R, 1567845649.642949, -78903.860000, 2579.170000
R, 1567845649.653975, -67746.880000, 2532.940000
R, 1567845649.665499, -82107.670000, 2448.070000
R, 1567845649.676152, -67006.300000, 2376.750000
R, 1567845649.687639, -81914.470000, 2320.850000
R, 1567845649.698441, -75329.760000, 2240.660000
R, 1567845649.708948, -65541.240000, 2174.670000
R, 1567845649.719979, -81415.390000, 2092.270000
R, 1567845649.731654, -70000.810000, 2044.500000
R, 1567845649.741973, -75088.270000, 1971.880000
R, 1567845649.753682, -74186.690000, 1893.650000
R, 1567845649.763852, -60083.490000, 1832.600000
R, 1567845649.775330, -73494.410000, 1782.440000
R, 1567845649.786541, -72963.130000, 1706.440000
R, 1567845649.796748, -64430.370000, 1640.430000
R, 1567845649.807849, -80159.620000, 1585.740000
R, 1567845649.818600, -67923.970000, 1513.200000
R, 1567845649.830500, -63110.210000, 1450.550000
R, 1567845649.840802, -76344.030000, 1373.270000
R, 1567845649.852098, -65975.930000, 1328.260000
R, 1567845649.862853, -65219.250000, 1264.020000
R, 1567845649.873808, -70097.410000, 1190.510000
R, 1567845649.884528, -59520.010000, 1132.340000
R, 1567845649.895599, -57201.680000, 1093.300000
R, 1567845649.907535, -69984.710000, 1021.640000
R, 1567845649.917725, -59777.600000, 957.910000
R, 1567845649.928835, -59842.000000, 917.080000
R, 1567845649.939553, -71208.280000, 843.840000
R, 1567845649.950633, -56074.710000, 783.200000
R, 1567845649.961587, -52468.410000, 726.150000
R, 1567845649.972295, -67585.880000, 680.040000
R, 1567845649.983701, -59713.200000, 617.100000
R, 1567845649.994939, -53241.190000, 562.910000
R, 1567845650.005189, -64639.670000, 497.220000
R, 1567845650.017493, -58505.740000, 457.290000
R, 1567845650.027693, -45159.220000, 408.980000
R, 1567845650.038793, -54625.750000, 356.170000
R, 1567845650.050302, -59294.620000, 296.360000
R, 1567845650.060741, -53208.990000, 260.050000
R, 1567845650.071192, -46302.290000, 212.330000
R, 1567845650.082204, -55382.430000, 154.300000
R, 1567845650.093631, -55849.310000, 116.190000
R, 1567845650.103921, -44998.220000, 67.860000
R, 1567845650.115686, -42277.400000, 25.370000
R, 1567845650.126043, -51196.550000, -27.860000
R, 1567845650.137023, -51067.750000, -62.710000
R, 1567845650.148548, -43468.770000, -108.850000
R, 1567845650.159648, -38896.500000, -148.660000
R, 1567845650.169907, -45062.620000, -195.990000
R, 1567845650.180923, -45529.510000, -227.050000
R, 1567845650.191876, -39395.580000, -268.520000
R, 1567845650.203676, -30605.230000, -301.220000
R, 1567845650.213870, -29285.070000, -321.210000
R, 1567845650.224670, -33728.540000, -354.680000
R, 1567845650.235887, -34678.420000, -390.600000
R, 1567845650.247684, -31732.200000, -422.390000
R, 1567845650.257724, -27256.530000, -440.990000
R, 1567845650.268947, -21975.880000, -464.470000
R, 1567845650.279949, -18144.180000, -483.620000
R, 1567845650.291704, -17049.420000, -500.900000
R, 1567845650.302665, -16743.520000, -512.330000
R, 1567845650.313802, -16357.140000, -529.190000
R, 1567845650.323797, -14924.280000, -544.760000
R, 1567845650.335680, -12702.540000, -553.430000
R, 1567845650.345775, -8967.450000, -563.190000
R, 1567845650.356757, -5296.750000, -569.220000
R, 1567845650.367963, -3171.610000, -571.960000
R, 1567845650.378769, -241.490000, -572.120000
R, 1567845650.389784, 1481.160000, -570.820000
R, 1567845650.400666, 2543.730000, -568.390000
R, 1567845650.411648, 3397.000000, -564.650000
R, 1567845650.422316, 5393.350000, -560.960000
R, 1567845650.433773, 8242.970000, -553.070000
R, 1567845650.444718, 12010.260000, -541.440000
R, 1567845650.455822, 14199.800000, -531.750000
R, 1567845650.466645, 16421.530000, -515.240000
R, 1567845650.477667, 17274.810000, -497.700000
R, 1567845650.488497, 17677.300000, -479.500000
R, 1567845650.499886, 19271.150000, -466.350000
R, 1567845650.510746, 23553.630000, -442.990000
R, 1567845650.522549, 28029.300000, -415.020000
R, 1567845650.532699, 30895.020000, -382.530000
R, 1567845650.542960, 35483.390000, -358.320000
R, 1567845650.554657, 33309.950000, -323.330000
R, 1567845650.565589, 31522.910000, -291.320000
R, 1567845650.576022, 36497.660000, -266.420000
R, 1567845650.587725, 48024.940000, -218.870000
R, 1567845650.598667, 55124.840000, -163.410000
R, 1567845650.609642, 48604.520000, -114.830000
R, 1567845650.620731, 51341.440000, -79.780000
R, 1567845650.630991, 64655.760000, -15.470000
R, 1567845650.641917, 60324.990000, 49.250000
R, 1567845650.652815, 58586.240000, 114.200000
R, 1567845650.664567, 84603.100000, 171.940000
R, 1567845650.674777, 69855.920000, 249.220000
R, 1567845650.686664, 80803.610000, 328.750000
R, 1567845650.696651, 82477.960000, 385.040000
R, 1567845650.707877, 65154.850000, 452.340000
R, 1567845650.718812, 86084.260000, 537.800000
R, 1567845650.729887, 77519.300000, 613.610000
R, 1567845650.741596, 76730.420000, 665.970000
R, 1567845650.751599, 81689.080000, 750.180000
R, 1567845650.762781, 66861.400000, 818.120000
R, 1567845650.774170, 83315.130000, 905.780000
R, 1567845650.785631, 75361.960000, 957.210000
R, 1567845650.795481, 79773.240000, 1035.140000
R, 1567845650.806738, 79660.540000, 1118.830000
R, 1567845650.817430, 64913.360000, 1163.130000
R, 1567845650.828871, 87211.220000, 1248.870000
R, 1567845650.839844, 72206.450000, 1328.800000
R, 1567845650.850825, 77905.690000, 1411.290000
R, 1567845650.861762, 84828.490000, 1469.180000
R, 1567845650.873297, 69292.430000, 1539.570000
R, 1567845650.884419, 91461.500000, 1630.730000
R, 1567845650.894367, 75941.540000, 1707.360000
R, 1567845650.905699, 84442.100000, 1764.990000
R, 1567845650.916126, 77744.690000, 1848.830000
R, 1567845650.927690, 79306.350000, 1925.280000
R, 1567845650.938740, 93023.160000, 1988.760000
R, 1567845650.950071, 73027.530000, 2067.150000
R, 1567845650.960199, 90398.930000, 2157.330000
R, 1567845650.971786, 78340.380000, 2233.620000
R, 1567845650.982076, 82123.770000, 2289.660000
R, 1567845650.993751, 89320.260000, 2382.540000
R, 1567845651.004742, 82284.760000, 2463.520000
R, 1567845651.015917, 92668.970000, 2554.820000
R, 1567845651.026757, 69904.220000, 2602.520000
R, 1567845651.037734, 94874.610000, 2695.590000
R, 1567845651.048144, 76183.040000, 2779.530000
R, 1567845651.058900, 87758.610000, 2871.910000
R, 1567845651.069988, 83041.440000, 2928.580000
R, 1567845651.081584, 84925.090000, 3010.190000
R, 1567845651.092576, 91413.210000, 3105.800000
R, 1567845651.102786, 78807.260000, 3159.580000
R, 1567845651.113885, 95615.190000, 3256.050000
R, 1567845651.124744, 73800.300000, 3333.600000
R, 1567845651.135933, 94278.920000, 3432.680000
R, 1567845651.147424, 81769.580000, 3488.490000
R, 1567845651.158535, 94439.920000, 3581.000000
R, 1567845651.168676, 76505.030000, 3666.400000
R, 1567845651.179819, 84731.890000, 3757.960000
R, 1567845651.190868, 95261.000000, 3822.970000
R, 1567845651.201951, 88515.290000, 3909.760000
R, 1567845651.212895, 89304.160000, 4004.070000
R, 1567845651.223891, 75925.440000, 4055.890000
R, 1567845651.235759, 101620.320000, 4157.080000
R, 1567845651.246652, 81833.980000, 4242.280000
R, 1567845651.256894, 96887.050000, 4341.210000
R, 1567845651.267832, 75764.450000, 4392.920000
R, 1567845651.278815, 98497.000000, 4488.410000
R, 1567845651.290275, 81029.000000, 4578.220000
R, 1567845651.301172, 91960.590000, 4674.950000
R, 1567845651.311391, 84892.890000, 4732.880000
R, 1567845651.322882, 91091.210000, 4820.100000
R, 1567845651.333537, 89320.260000, 4916.020000
R, 1567845651.344756, 83476.130000, 4972.980000
R, 1567845651.355746, 88193.300000, 5064.600000
R, 1567845651.366415, 57990.550000, 5126.960000
R, 1567845651.377457, 61194.360000, 5188.550000
R, 1567845651.388845, 52983.600000, 5224.700000
R, 1567845651.399746, 32182.990000, 5261.400000
R, 1567845651.410751, 16920.620000, 5281.090000
R, 1567845651.421647, 8806.450000, 5288.130000
R, 1567845651.432666, -1416.760000, 5287.160000
R, 1567845651.443217, -6278.820000, 5281.390000
R, 1567845651.455381, -9643.630000, 5272.140000
R, 1567845651.465770, -12911.830000, 5263.330000
R, 1567845651.476178, -19770.240000, 5244.460000
R, 1567845651.487748, -29751.960000, 5215.770000
R, 1567845651.498503, -34919.910000, 5179.390000
R, 1567845651.509593, -37769.530000, 5153.620000
R, 1567845651.520656, -36980.650000, 5115.300000
R, 1567845651.530895, -36867.950000, 5078.110000
R, 1567845651.542051, -46672.580000, 5026.830000
R, 1567845651.553006, -58698.930000, 4986.770000
R, 1567845651.563947, -56235.700000, 4928.070000
R, 1567845651.575691, -61001.170000, 4868.560000
R, 1567845651.585986, -73494.410000, 4818.420000
R, 1567845651.596961, -62852.620000, 4751.630000
R, 1567845651.608594, -61548.550000, 4691.100000
R, 1567845651.618762, -77873.490000, 4611.680000
R, 1567845651.629865, -70693.090000, 4563.440000
R, 1567845651.640761, -81286.590000, 4485.630000
R, 1567845651.651596, -79821.530000, 4401.070000
R, 1567845651.662886, -66281.820000, 4329.270000
R, 1567845651.673938, -89915.950000, 4267.920000
R, 1567845651.685001, -75056.070000, 4187.240000
R, 1567845651.695540, -93135.860000, 4097.120000
R, 1567845651.706770, -83041.440000, 4040.460000
R, 1567845651.717771, -74476.490000, 3966.470000
R, 1567845651.728476, -87195.120000, 3875.690000
R, 1567845651.739847, -73896.900000, 3798.590000
R, 1567845651.750812, -92169.880000, 3735.700000
R, 1567845651.761764, -72608.940000, 3656.710000
R, 1567845651.772744, -85907.160000, 3574.950000
R, 1567845651.783607, -87323.920000, 3489.100000
R, 1567845651.794741, -75973.740000, 3437.260000
R, 1567845651.805227, -90881.920000, 3342.780000
R, 1567845651.816678, -70033.010000, 3268.280000
R, 1567845651.827838, -89304.160000, 3207.350000
R, 1567845651.838246, -80707.010000, 3121.550000
R, 1567845651.849804, -91107.310000, 3034.420000
R, 1567845651.860106, -88354.290000, 2949.070000
R, 1567845651.871433, -69131.440000, 2541.900000
R, 1567845651.882188, -86486.740000, 2813.650000
R, 1567845651.893783, -68487.460000, 2739.920000
R, 1567845651.904525, -81125.600000, 2655.550000
R, 1567845651.915718, -76054.240000, 2603.650000
R, 1567845651.926507, -64156.680000, 2538.370000
R, 1567845651.936914, -81431.490000, 2455.390000
R, 1567845651.947983, -72544.540000, 2405.890000
R, 1567845651.959691, -79274.150000, 2329.490000
R, 1567845651.969948, -78420.870000, 2246.560000
R, 1567845651.980803, -63078.010000, 2180.590000
R, 1567845651.991904, -80851.900000, 2125.420000
R, 1567845652.003325, -72174.250000, 2048.940000
R, 1567845652.013954, -74106.200000, 1976.630000
R, 1567845652.024698, -80465.520000, 1896.650000
R, 1567845652.035878, -60985.070000, 1855.030000
R, 1567845652.046860, -71787.860000, 1786.250000
R, 1567845652.057856, -72431.840000, 1710.810000
R, 1567845652.068926, -61983.240000, 1646.890000
R, 1567845652.079722, -76505.030000, 1594.690000
R, 1567845652.090549, -68358.660000, 1522.140000
R, 1567845652.101678, -55527.320000, 1464.050000
R, 1567845652.113613, -71900.560000, 1414.980000
R, 1567845652.123620, -68390.860000, 1343.470000
R, 1567845652.134944, -60421.580000, 1281.830000
R, 1567845652.145770, -75474.660000, 1205.270000
R, 1567845652.156429, -66748.710000, 1159.730000
R, 1567845652.167326, -57893.960000, 1101.170000
R, 1567845652.179016, -73317.320000, 1026.890000
R, 1567845652.189513, -67038.500000, 961.310000
R, 1567845652.200741, -58312.540000, 921.530000
R, 1567845652.211817, -70161.810000, 849.740000
R, 1567845652.222845, -56605.990000, 789.070000
R, 1567845652.233646, -50294.970000, 754.750000
R, 1567845652.244364, -66555.510000, 689.490000
R, 1567845652.255752, -61741.750000, 624.990000
R, 1567845652.266302, -53015.800000, 570.370000
R, 1567845652.277721, -64124.480000, 526.610000
R, 1567845652.288411, -60952.870000, 462.540000
R, 1567845652.300066, -46672.580000, 412.200000
R, 1567845652.310049, -48459.620000, 359.290000
R, 1567845652.321104, -60711.380000, 317.860000
R, 1567845652.332780, -54609.650000, 260.710000
R, 1567845652.343542, -47767.340000, 211.510000
R, 1567845652.354787, -57507.570000, 172.270000
R, 1567845652.365042, -56831.390000, 112.790000
R, 1567845652.376674, -44917.720000, 64.360000
R, 1567845652.387707, -41247.030000, 20.650000
R, 1567845652.398489, -52291.320000, -15.020000
R, 1567845652.409705, -49795.890000, -66.900000
R, 1567845652.420724, -41939.310000, -111.400000
R, 1567845652.431013, -37817.830000, -150.750000
R, 1567845652.442663, -45593.910000, -181.860000
R, 1567845652.452963, -46109.090000, -229.880000
R, 1567845652.464927, -39637.070000, -271.790000
R, 1567845652.474918, -33004.060000, -294.310000
R, 1567845652.485739, -30154.440000, -325.070000
R, 1567845652.496892, -35193.600000, -360.250000
R, 1567845652.508224, -35805.380000, -396.270000
R, 1567845652.518970, -31683.900000, -417.890000
R, 1567845652.529942, -27610.720000, -446.860000
R, 1567845652.541793, -22523.260000, -470.720000
R, 1567845652.552765, -19834.640000, -490.750000
R, 1567845652.562928, -18594.970000, -503.430000
R, 1567845652.573727, -18804.270000, -522.660000
R, 1567845652.584753, -17902.690000, -541.050000
R, 1567845652.595981, -16260.540000, -552.150000
R, 1567845652.606980, -12654.240000, -565.700000
R, 1567845652.617595, -8999.640000, -575.570000
R, 1567845652.628916, -6600.810000, -581.730000
R, 1567845652.639862, -3397.000000, -584.030000
R, 1567845652.650678, -869.380000, -585.320000
R, 1567845652.661350, 821.080000, -584.680000
R, 1567845652.672817, 1384.560000, -583.100000
R, 1567845652.683897, 2270.040000, -581.550000
R, 1567845652.694669, 3332.610000, -578.410000
R, 1567845652.705632, 5425.550000, -573.240000
R, 1567845652.716792, 7132.100000, -565.470000
R, 1567845652.727520, 10368.110000, -558.390000
R, 1567845652.738887, 13491.420000, -545.020000
R, 1567845652.749803, 15294.570000, -529.530000
R, 1567845652.761188, 15793.650000, -518.750000
R, 1567845652.771794, 15938.550000, -502.470000
R, 1567845652.782325, 16115.640000, -486.050000
R, 1567845652.793338, 16743.520000, -468.390000
R, 1567845652.804713, 20156.630000, -454.640000
R, 1567845652.815301, 24889.890000, -429.940000
R, 1567845652.826811, 29429.960000, -400.640000
R, 1567845652.837081, 32408.380000, -366.660000
R, 1567845652.848354, 35515.590000, -342.420000
R, 1567845652.859619, 30766.230000, -310.120000
R, 1567845652.869965, 32939.660000, -277.150000
R, 1567845652.881766, 40329.360000, -249.630000
R, 1567845652.892721, 49538.290000, -200.280000
R, 1567845652.903717, 51083.850000, -146.870000
R, 1567845652.914720, 44740.630000, -100.380000
R, 1567845652.925062, 54078.360000, -63.480000
R, 1567845652.935782, 63818.590000, 0.400000
R, 1567845652.946993, 53740.270000, 58.620000
R, 1567845652.958509, 57652.460000, 122.280000
R, 1567845652.969764, 80900.200000, 177.480000
R, 1567845652.979923, 69244.130000, 252.920000
R, 1567845652.991590, 81061.200000, 332.970000
R, 1567845653.002268, 81302.690000, 388.470000
R, 1567845653.013021, 65509.040000, 455.520000
R, 1567845653.024533, 86180.850000, 541.320000
R, 1567845653.034975, 75957.640000, 616.070000
R, 1567845653.045913, 76988.010000, 668.620000
R, 1567845653.056683, 80578.210000, 752.040000
R, 1567845653.067919, 66909.700000, 819.680000
R, 1567845653.078825, 83121.940000, 907.010000
R, 1567845653.089840, 74476.490000, 957.840000
R, 1567845653.101069, 79290.250000, 1035.350000
R, 1567845653.111491, 79177.550000, 1118.510000
R, 1567845653.122741, 64365.970000, 1162.430000
R, 1567845653.133837, 86357.950000, 1247.290000
R, 1567845653.144624, 72158.150000, 1327.120000
R, 1567845653.155939, 76698.220000, 1408.500000
R, 1567845653.166626, 84989.490000, 1466.500000
R, 1567845653.178248, 67843.470000, 1536.100000
R, 1567845653.188847, 90656.530000, 1626.210000
R, 1567845653.199848, 77100.710000, 1703.160000
R, 1567845653.210362, 82977.040000, 1759.780000
R, 1567845653.222067, 79596.140000, 1844.600000
R, 1567845653.232509, 76923.620000, 1919.290000
R, 1567845653.243718, 92089.390000, 2011.820000
R, 1567845653.254973, 72721.640000, 2061.440000
R, 1567845653.265792, 89465.160000, 2150.230000
R, 1567845653.276790, 70000.810000, 2228.190000
R, 1567845653.287126, 79386.850000, 2282.370000
R, 1567845653.298875, 91542.000000, 2376.230000
R, 1567845653.309518, 80063.030000, 2455.970000
R, 1567845653.320820, 92105.490000, 2548.290000
R, 1567845653.330976, 70000.810000, 2596.070000
R, 1567845653.342710, 93264.650000, 2686.810000
R, 1567845653.353666, 77358.300000, 2772.670000
R, 1567845653.363926, 85697.870000, 2863.280000
R, 1567845653.375375, 86454.550000, 2922.280000
R, 1567845653.385934, 81850.080000, 3001.760000
R, 1567845653.396975, 94343.320000, 3098.830000
R, 1567845653.407985, 77615.900000, 3151.790000
R, 1567845653.418916, 95937.180000, 3247.900000
R, 1567845653.429949, 72641.140000, 3326.210000
R, 1567845653.441733, 92105.490000, 3423.920000
R, 1567845653.452636, 84844.590000, 3481.820000
R, 1567845653.462910, 93151.960000, 3572.550000
R, 1567845653.473886, 79370.750000, 3660.400000
R, 1567845653.484893, 81962.770000, 3749.630000
R, 1567845653.496658, 97917.420000, 3816.450000
R, 1567845653.506756, 86647.740000, 3902.330000
R, 1567845653.517986, 92266.480000, 3998.450000
R, 1567845653.528619, 74911.170000, 4049.570000
R, 1567845653.540025, 101829.610000, 4150.240000
R, 1567845653.550964, 81061.200000, 4236.270000
R, 1567845653.561831, 96323.570000, 4335.660000
R, 1567845653.572668, 77358.300000, 4388.460000
R, 1567845653.583923, 97659.830000, 4482.600000
R, 1567845653.595956, 82333.060000, 4574.100000
R, 1567845653.605645, 91252.210000, 4670.350000
R, 1567845653.616839, 87130.730000, 4729.810000
R, 1567845653.627889, 90286.240000, 4816.380000
R, 1567845653.638865, 91348.810000, 4913.680000
R, 1567845653.649839, 84216.710000, 4971.150000
R, 1567845653.660602, 91091.210000, 5065.590000
R, 1567845653.671885, 59938.600000, 5129.630000
R, 1567845653.682552, 64655.760000, 5195.250000
R, 1567845653.693931, 57604.160000, 5234.570000
R, 1567845653.704760, 34050.530000, 5273.130000
R, 1567845653.715721, 21589.490000, 5296.950000
R, 1567845653.726872, 13781.210000, 5309.000000
R, 1567845653.737767, 2962.320000, 5311.020000
R, 1567845653.748259, -3413.100000, 5308.410000
R, 1567845653.759788, -6472.020000, 5302.240000
R, 1567845653.770177, -8049.770000, 5296.750000
R, 1567845653.781907, -11285.780000, 5285.840000
R, 1567845653.792253, -15326.760000, 5270.910000
R, 1567845653.803847, -19190.660000, 5249.950000
R, 1567845653.814758, -27964.910000, 5230.870000
R, 1567845653.825845, -37624.630000, 5193.690000
R, 1567845653.836864, -40957.240000, 5152.150000
R, 1567845653.847038, -40957.240000, 5111.220000
R, 1567845653.857982, -37689.030000, 5085.510000
R, 1567845653.868965, -51856.630000, 5035.870000
R, 1567845653.880020, -59198.020000, 4975.260000
R, 1567845653.891843, -56509.400000, 4919.240000
R, 1567845653.903134, -54432.550000, 4882.090000
R, 1567845653.913775, -70371.100000, 4811.420000
R, 1567845653.923924, -59246.320000, 4748.210000
R, 1567845653.935055, -54657.950000, 4710.920000
R, 1567845653.946051, -75796.650000, 4636.610000
R, 1567845653.956919, -68680.650000, 4564.260000
R, 1567845653.967991, -67360.490000, 4489.550000
R, 1567845653.979774, -84071.810000, 4432.180000
R, 1567845653.989994, -65251.450000, 4361.670000
R, 1567845654.001388, -87275.620000, 4277.310000
R, 1567845654.011996, -82494.060000, 4196.720000
R, 1567845654.023694, -77712.490000, 4143.690000
R, 1567845654.033814, -84876.790000, 4054.100000
R, 1567845654.044750, -67167.290000, 3983.930000
R, 1567845654.055933, -86728.240000, 3924.740000
R, 1567845654.066854, -78211.580000, 3841.800000
R, 1567845654.077590, -89674.450000, 3756.030000
R, 1567845654.088902, -89223.670000, 3669.680000
R, 1567845654.100265, -70693.090000, 3621.430000
R, 1567845654.110880, -90737.020000, 3529.260000
R, 1567845654.121399, -74669.680000, 3450.000000
R, 1567845654.132411, -92556.270000, 3356.300000
R, 1567845654.143801, -76231.340000, 3304.280000
R, 1567845654.154738, -79821.530000, 3227.450000
R, 1567845654.165829, -82188.170000, 3141.610000
R, 1567845654.177353, -71095.580000, 3093.100000
R, 1567845654.187879, -90076.940000, 3003.130000
R, 1567845654.198811, -67167.290000, 2929.480000
R, 1567845654.209119, -73188.520000, 2850.180000
R, 1567845654.220727, -81238.290000, 2794.750000
R, 1567845654.231681, -67779.080000, 2724.050000
R, 1567845654.242774, -82944.850000, 2639.410000
R, 1567845654.252972, -70226.210000, 2571.240000
R, 1567845654.263852, -67698.580000, 2525.040000
R, 1567845654.275132, -79676.640000, 2442.540000
R, 1567845654.286687, -66636.010000, 2372.230000
R, 1567845654.297912, -83025.340000, 2315.580000
R, 1567845654.307984, -73446.120000, 2237.200000
R, 1567845654.319672, -64881.160000, 2172.290000
R, 1567845654.329976, -79676.640000, 2091.670000
R, 1567845654.340982, -68390.860000, 2045.000000
R, 1567845654.352880, -73526.610000, 1973.830000
R, 1567845654.363714, -74798.480000, 1895.230000
R, 1567845654.373984, -61049.470000, 1833.190000
R, 1567845654.384774, -75442.460000, 1781.720000
R, 1567845654.395905, -74717.980000, 1703.760000
R, 1567845654.406969, -67473.180000, 1635.400000
R, 1567845654.417934, -81994.970000, 1579.450000
R, 1567845654.428921, -66330.120000, 1508.080000
R, 1567845654.439892, -65009.950000, 1444.300000
R, 1567845654.450833, -75796.650000, 1367.750000
R, 1567845654.462031, -64961.660000, 1323.420000
R, 1567845654.472735, -70242.310000, 1255.330000
R, 1567845654.483881, -72447.940000, 1179.140000
R, 1567845654.494818, -59552.210000, 1119.560000
R, 1567845654.505835, -67440.990000, 1073.540000
R, 1567845654.516877, -71691.260000, 999.010000
R, 1567845654.527924, -59359.010000, 936.180000
R, 1567845654.538743, -71594.670000, 887.320000
R, 1567845654.549345, -69228.030000, 814.680000
R, 1567845654.561453, -53691.980000, 757.750000
R, 1567845654.572049, -65541.240000, 688.360000
R, 1567845654.582275, -69195.840000, 641.150000
R, 1567845654.593832, -56750.890000, 580.720000
R, 1567845654.604840, -72286.950000, 510.120000
R, 1567845654.615778, -67022.400000, 444.210000
R, 1567845654.626113, -50649.160000, 409.650000
R, 1567845654.636976, -61532.450000, 350.320000
R, 1567845654.648799, -63045.810000, 284.620000
R, 1567845654.659832, -56316.200000, 246.190000
R, 1567845654.670761, -56911.880000, 189.940000
R, 1567845654.681035, -62595.020000, 124.890000
R, 1567845654.691953, -55446.830000, 70.890000
R, 1567845654.703180, -43130.680000, 41.460000
R, 1567845654.714740, -54545.250000, -11.710000
R, 1567845654.725001, -54174.960000, -68.040000
R, 1567845654.736777, -49087.510000, -116.420000
R, 1567845654.747261, -42180.800000, -145.210000
R, 1567845654.758729, -53208.990000, -197.500000
R, 1567845654.768898, -50133.980000, -249.700000
R, 1567845654.780061, -44209.350000, -279.870000
R, 1567845654.790774, -36497.660000, -317.860000
R, 1567845654.801989, -43678.060000, -360.880000
R, 1567845654.812891, -45674.400000, -406.780000
R, 1567845654.823701, -40313.260000, -434.290000
R, 1567845654.835179, -33390.450000, -469.920000
R, 1567845654.845850, -28576.690000, -499.650000
R, 1567845654.857678, -29671.460000, -530.500000
R, 1567845654.867810, -32279.580000, -552.520000
R, 1567845654.878935, -28576.690000, -582.420000
R, 1567845654.889556, -24696.700000, -608.230000
R, 1567845654.900758, -22104.670000, -630.010000
R, 1567845654.912260, -17258.710000, -641.790000
R, 1567845654.922922, -13475.320000, -656.260000
R, 1567845654.933952, -10046.110000, -667.020000
R, 1567845654.945034, -8259.070000, -672.660000
R, 1567845654.955919, -5345.050000, -678.590000
R, 1567845654.966890, -2656.420000, -681.800000
R, 1567845654.977885, -998.170000, -682.350000
R, 1567845654.988812, 1094.770000, -681.600000
R, 1567845654.999964, 2012.440000, -679.690000
R, 1567845655.010799, 2785.220000, -677.000000
R, 1567845655.021163, 3606.300000, -673.010000
R, 1567845655.032800, 5361.150000, -669.350000
R, 1567845655.043756, 7647.280000, -661.940000
R, 1567845655.054854, 10030.020000, -652.080000
R, 1567845655.065830, 11607.770000, -644.160000
R, 1567845655.076059, 14473.490000, -629.880000
R, 1567845655.087284, 17532.400000, -612.430000
R, 1567845655.098170, 19158.460000, -592.460000
R, 1567845655.109103, 21315.790000, -577.910000
R, 1567845655.119998, 24664.500000, -553.280000
R, 1567845655.131166, 26821.840000, -526.070000
R, 1567845655.142724, 26226.160000, -499.360000
R, 1567845655.153576, 25678.770000, -481.830000
R, 1567845655.163903, 29977.350000, -452.210000
R, 1567845655.174965, 37077.250000, -415.340000
R, 1567845655.186026, 40619.150000, -387.610000
R, 1567845655.196896, 43806.860000, -342.890000
R, 1567845655.207843, 36513.760000, -304.330000
R, 1567845655.218967, 37994.920000, -263.320000
R, 1567845655.229819, 52049.820000, -227.800000
R, 1567845655.241723, 62337.430000, -165.700000
R, 1567845655.251937, 53160.690000, -109.710000
R, 1567845655.263485, 62804.320000, -42.340000
R, 1567845655.273874, 78292.080000, 11.100000
R, 1567845655.284819, 63995.680000, 79.370000
R, 1567845655.295620, 83717.620000, 161.330000
R, 1567845655.306758, 83186.340000, 218.100000
R, 1567845655.318169, 72947.030000, 291.030000
R, 1567845655.328885, 84087.910000, 376.290000
R, 1567845655.340022, 66797.000000, 444.100000
R, 1567845655.350964, 79161.450000, 498.120000
R, 1567845655.361850, 81447.590000, 583.600000
R, 1567845655.372383, 75217.060000, 657.910000
R, 1567845655.383868, 84925.090000, 743.740000
R, 1567845655.394743, 65573.440000, 788.490000
R, 1567845655.405909, 82864.350000, 868.540000
R, 1567845655.416803, 78404.770000, 953.070000
R, 1567845655.427963, 72544.540000, 1002.580000
R, 1567845655.438120, 87227.320000, 1090.540000
R, 1567845655.449181, 65621.740000, 1161.180000
R, 1567845655.460163, 81367.090000, 1247.750000
R, 1567845655.471127, 84120.110000, 1305.150000
R, 1567845655.482033, 79225.850000, 1383.000000
R, 1567845655.493039, 85569.070000, 1471.220000
R, 1567845655.504819, 67022.400000, 1543.070000
R, 1567845655.515256, 89336.360000, 1604.040000
R, 1567845655.526210, 75474.660000, 1687.620000
R, 1567845655.537246, 87211.220000, 1773.040000
R, 1567845655.547997, 87066.330000, 1832.450000
R, 1567845655.559781, 73687.610000, 1906.230000
R, 1567845655.570761, 94745.810000, 2001.360000
R, 1567845655.581798, 75732.250000, 2080.320000
R, 1567845655.592014, 90334.540000, 2141.970000
R, 1567845655.602721, 73381.720000, 2223.820000
R, 1567845655.614322, 89738.850000, 2309.840000
R, 1567845655.625763, 94375.520000, 2400.010000
R, 1567845655.635992, 81769.580000, 2455.810000
R, 1567845655.646600, 91815.690000, 2550.040000
R, 1567845655.657979, 76907.520000, 2627.230000
R, 1567845655.668863, 96613.360000, 2693.160000
R, 1567845655.680059, 78163.280000, 2779.500000
R, 1567845655.690934, 95743.980000, 2874.300000
R, 1567845655.701915, 83814.220000, 2955.900000
R, 1567845655.712896, 88885.580000, 3016.560000
R, 1567845655.723785, 90479.430000, 3112.870000
R, 1567845655.734957, 91767.390000, 3202.110000
R, 1567845655.745761, 96130.370000, 3293.600000
R, 1567845655.756484, 79773.240000, 3348.040000
R, 1567845655.767912, 100944.130000, 3450.100000
R, 1567845655.778797, 86068.160000, 3536.440000
R, 1567845655.789189, 99623.970000, 3604.430000
R, 1567845655.800921, 75732.250000, 3686.480000
R, 1567845655.812767, 103246.370000, 3788.180000
R, 1567845655.823203, 86148.650000, 3876.000000
R, 1567845655.833225, 98014.020000, 4302.880000
R, 1567845655.844855, 78275.980000, 4030.520000
R, 1567845655.855340, 100654.340000, 4127.660000
R, 1567845655.866216, 94488.220000, 4219.690000
R, 1567845655.877569, 95019.500000, 4284.550000
R, 1567845655.888195, 84941.190000, 4377.500000
R, 1567845655.900181, 96275.270000, 4469.490000
R, 1567845655.910868, 100879.740000, 4538.330000
R, 1567845655.921804, 90914.120000, 4627.910000
R, 1567845655.932744, 92137.680000, 4725.120000
R, 1567845655.943132, 79274.150000, 4812.390000
R, 1567845655.954520, 103890.350000, 4883.280000
R, 1567845655.965833, 85053.890000, 4970.290000
R, 1567845655.976040, 90479.430000, 5064.370000
R, 1567845655.987788, 63512.700000, 5128.180000
R, 1567845655.997983, 64591.370000, 5172.250000
R, 1567845656.009785, 58457.440000, 5233.710000
R, 1567845656.020064, 35225.800000, 5273.480000
R, 1567845656.031276, 25195.780000, 5290.690000
R, 1567845656.041741, 11478.970000, 5304.870000
R, 1567845656.052947, 982.070000, 5307.350000
R, 1567845656.063796, -2527.630000, 5304.170000
R, 1567845656.075008, -5586.540000, 5300.350000
R, 1567845656.086019, -8098.070000, 5292.550000
R, 1567845656.096868, -11269.680000, 5281.570000
R, 1567845656.108987, -14054.900000, 5266.400000
R, 1567845656.118869, -19657.540000, 5252.980000
R, 1567845656.129633, -29236.770000, 5224.820000
R, 1567845656.140826, -38429.610000, 5186.610000
R, 1567845656.151967, -40425.950000, 5159.030000
R, 1567845656.162714, -40168.360000, 5117.280000
R, 1567845656.174508, -39347.280000, 5077.530000
R, 1567845656.184923, -49956.880000, 5022.890000
R, 1567845656.195465, -60019.100000, 4981.940000
R, 1567845656.206957, -55076.540000, 4923.970000
R, 1567845656.217804, -61129.960000, 4864.590000
R, 1567845656.228635, -72109.850000, 4791.810000
R, 1567845656.239830, -61999.340000, 4749.500000
R, 1567845656.250975, -63174.610000, 4687.760000
R, 1567845656.261840, -77245.610000, 4608.260000
R, 1567845656.272825, -69566.130000, 4560.790000
R, 1567845656.283855, -80465.520000, 4483.750000
R, 1567845656.293953, -76360.130000, 4402.630000
R, 1567845656.305870, -62112.040000, 4336.450000
R, 1567845656.316128, -83604.930000, 4279.390000
R, 1567845656.327051, -74283.290000, 4200.500000
R, 1567845656.338797, -86261.350000, 4118.010000
R, 1567845656.348975, -86019.860000, 4034.100000
R, 1567845656.359966, -67601.980000, 3987.970000
R, 1567845656.371765, -91139.510000, 3896.870000
R, 1567845656.382718, -75394.160000, 3816.230000
R, 1567845656.392823, -92234.280000, 3753.300000
R, 1567845656.404015, -79918.130000, 3667.210000
R, 1567845656.414922, -84313.310000, 3586.440000
R, 1567845656.426003, -91719.100000, 3495.810000
R, 1567845656.436962, -76344.030000, 3443.720000
R, 1567845656.448274, -92363.080000, 3348.670000
R, 1567845656.458539, -69678.820000, 3273.530000
R, 1567845656.469754, -88016.200000, 3182.390000
R, 1567845656.480897, -82590.660000, 3126.030000
R, 1567845656.491975, -88402.590000, 3040.860000
R, 1567845656.502726, -78919.960000, 2955.990000
R, 1567845656.513927, -65106.550000, 2911.560000
R, 1567845656.525314, -85086.080000, 2827.160000
R, 1567845656.535470, -70049.110000, 2751.820000
R, 1567845656.546864, -74798.480000, 2671.410000
R, 1567845656.557774, -78501.370000, 2617.840000
R, 1567845656.568222, -59970.800000, 2554.170000
R, 1567845656.580349, -79950.330000, 2475.800000
R, 1567845656.590291, -75039.970000, 2402.350000
R, 1567845656.601323, -66893.600000, 2356.700000
R, 1567845656.612185, -79563.940000, 2274.490000
R, 1567845656.623112, -60324.990000, 2208.660000
R, 1567845656.634671, -66829.200000, 1803.050000
R, 1567845656.645684, -76150.840000, 2084.100000
R, 1567845656.656789, -62144.240000, 2017.980000
R, 1567845656.666971, -75796.650000, 1939.100000
R, 1567845656.678010, -73381.720000, 1889.020000
R, 1567845656.688930, -59278.520000, 1827.640000
R, 1567845656.700199, -78340.380000, 1749.550000
R, 1567845656.711025, -72383.550000, 1678.620000
R, 1567845656.722673, -66426.710000, 1633.290000
R, 1567845656.732838, -76939.720000, 1553.380000
R, 1567845656.743959, -57636.360000, 1490.480000
R, 1567845656.754864, -62224.730000, 1088.030000
R, 1567845656.766038, -72882.630000, 1372.750000
R, 1567845656.776930, -59681.010000, 1308.800000
R, 1567845656.788010, -66056.420000, 1237.460000
R, 1567845656.798976, -71675.170000, 1188.540000
R, 1567845656.810181, -54899.440000, 1129.050000
R, 1567845656.821058, -69340.730000, 1062.470000
R, 1567845656.832011, -70741.390000, 991.450000
R, 1567845656.843682, -58393.040000, 951.600000
R, 1567845656.853962, -69968.610000, 884.010000
R, 1567845656.864377, -66394.520000, 814.530000
R, 1567845656.875889, -54786.740000, 777.140000
R, 1567845656.886940, -62224.730000, 716.980000
R, 1567845656.897879, -66813.100000, 647.680000
R, 1567845656.908916, -59262.420000, 589.450000
R, 1567845656.919998, -58892.130000, 549.260000
R, 1567845656.930769, -65557.340000, 481.010000
R, 1567845656.941793, -51856.630000, 424.830000
R, 1567845656.952153, -47509.750000, 373.560000
R, 1567845656.963346, -62723.820000, 330.750000
R, 1567845656.974718, -57958.350000, 270.340000
R, 1567845656.985718, -48652.820000, 219.390000
R, 1567845656.996799, -56605.990000, 159.190000
R, 1567845657.007812, -59375.110000, 118.670000
R, 1567845657.018851, -47863.940000, 67.210000
R, 1567845657.028960, -42840.880000, 21.810000
R, 1567845657.040734, -54818.940000, -15.600000
R, 1567845657.051922, -53353.890000, -70.920000
R, 1567845657.062098, -44402.540000, -118.190000
R, 1567845657.073177, -41842.710000, -162.840000
R, 1567845657.084046, -53176.790000, -199.130000
R, 1567845657.095768, -49441.700000, -250.720000
R, 1567845657.106046, -39540.480000, -293.190000
R, 1567845657.116869, -35740.990000, -330.470000
R, 1567845657.127963, -42905.280000, -359.750000
R, 1567845657.139245, -44418.640000, -405.830000
R, 1567845657.150164, -41601.220000, -447.520000
R, 1567845657.161039, -34903.810000, -471.340000
R, 1567845657.172008, -30605.230000, -502.930000
R, 1567845657.183066, -34436.920000, -537.230000
R, 1567845657.193958, -35418.990000, -572.760000
R, 1567845657.205148, -30492.530000, -593.570000
R, 1567845657.215752, -25823.670000, -620.910000
R, 1567845657.227000, -20156.630000, -642.550000
R, 1567845657.238279, -16856.220000, -659.090000
R, 1567845657.248898, -13571.910000, -668.350000
R, 1567845657.259451, -10706.200000, -679.750000
R, 1567845657.270966, -8162.470000, -688.580000
R, 1567845657.281862, -6407.620000, -692.950000
R, 1567845657.292993, -3493.600000, -697.010000
R, 1567845657.303883, -370.290000, -697.870000
R, 1567845657.314170, 1078.670000, -696.570000
R, 1567845657.325806, 2463.230000, -694.890000
R, 1567845657.336114, 3928.290000, -691.110000
R, 1567845657.347644, 5828.030000, -685.440000
R, 1567845657.358884, 7083.800000, -677.880000
R, 1567845657.369084, 9112.340000, -671.660000
R, 1567845657.380087, 10706.200000, -660.990000
R, 1567845657.391773, 12815.240000, -648.190000
R, 1567845657.402827, 14666.680000, -638.180000
R, 1567845657.413163, 18498.370000, -619.910000
R, 1567845657.424134, 21943.680000, -597.940000
R, 1567845657.435724, 23907.820000, -572.900000
R, 1567845657.447103, 27997.110000, -553.800000
R, 1567845657.457850, 30395.940000, -522.820000
R, 1567845657.468195, 28238.600000, -493.540000
R, 1567845657.479808, 27755.610000, -464.510000
R, 1567845657.489956, 33728.540000, -441.490000
R, 1567845657.501675, 40216.660000, -401.260000
R, 1567845657.511807, 45432.910000, -355.680000
R, 1567845657.523015, 42840.880000, -326.450000
R, 1567845657.533994, 37785.630000, -287.700000
R, 1567845657.544948, 50150.080000, -239.120000
R, 1567845657.557147, 57910.060000, -177.790000
R, 1567845657.566899, 58425.240000, -137.920000
R, 1567845657.577971, 58505.740000, -80.070000
R, 1567845657.589072, 76601.630000, -4.220000
R, 1567845657.599980, 73140.220000, 67.340000
R, 1567845657.611170, 74331.590000, 118.060000
R, 1567845657.621978, 87935.700000, 207.090000
R, 1567845657.632442, 71852.260000, 280.720000
R, 1567845657.643857, 83492.230000, 697.700000
R, 1567845657.654320, 70998.980000, 415.800000
R, 1567845657.665918, 78517.470000, 491.350000
R, 1567845657.676449, 89336.360000, 579.210000
R, 1567845657.687910, 70081.310000, 627.040000
R, 1567845657.698900, 85971.560000, 712.900000
R, 1567845657.710053, 67038.500000, 787.340000
R, 1567845657.720454, 75249.260000, 868.430000
R, 1567845657.731868, 89239.770000, 929.320000
R, 1567845657.742884, 74041.800000, 1004.530000
R, 1567845657.753449, 88305.990000, 1093.740000
R, 1567845657.764172, 70371.100000, 1141.770000
R, 1567845657.775878, 83926.920000, 1222.290000
R, 1567845657.786738, 82735.550000, 1310.570000
R, 1567845657.797092, 74605.280000, 1390.850000
R, 1567845657.808155, 90028.640000, 1452.280000
R, 1567845657.819832, 68149.370000, 1525.140000
R, 1567845657.830090, 92524.070000, 1616.150000
R, 1567845657.841835, 83331.230000, 1697.820000
R, 1567845657.851972, 84780.190000, 1755.670000
R, 1567845657.863060, 83154.140000, 1843.820000
R, 1567845657.874009, 79934.230000, 1921.410000
R, 1567845657.885819, 95647.380000, 1986.680000
R, 1567845657.895920, 75394.160000, 2067.930000
R, 1567845657.906827, 93538.340000, 2161.290000
R, 1567845657.917906, 78823.360000, 2238.970000
R, 1567845657.928809, 87291.720000, 2298.540000
R, 1567845657.939919, 87855.210000, 2392.100000
R, 1567845657.950807, 88547.490000, 2478.300000
R, 1567845657.961589, 94472.120000, 2568.750000
R, 1567845657.972645, 75313.660000, 2620.140000
R, 1567845657.983666, 99801.070000, 2719.830000
R, 1567845657.994978, 80739.210000, 2803.330000
R, 1567845658.006013, 95808.380000, 3228.710000
R, 1567845658.016453, 74878.970000, 2952.270000
R, 1567845658.028314, 97836.920000, 3046.860000
R, 1567845658.038615, 92652.870000, 3136.760000
R, 1567845658.049629, 91670.800000, 3199.320000
R, 1567845658.060765, 85842.760000, 3292.020000
R, 1567845658.071536, 91751.300000, 3379.680000
R, 1567845658.082994, 101829.610000, 3477.040000
R, 1567845658.093678, 86422.350000, 3536.020000
R, 1567845658.104397, 95824.480000, 3634.960000
R, 1567845658.115996, 84925.090000, 3718.500000
R, 1567845658.126472, 103986.950000, 3789.460000
R, 1567845658.137956, 83073.640000, 3877.680000
R, 1567845658.148897, 100654.340000, 3979.360000
R, 1567845658.159544, 78227.680000, 4061.880000
R, 1567845658.170809, 102055.000000, 4131.520000
R, 1567845658.181204, 83138.040000, 4223.320000
R, 1567845658.192130, 101668.610000, 4324.540000
R, 1567845658.203084, 83379.530000, 4408.490000
R, 1567845658.214951, 98609.700000, 4475.790000
R, 1567845658.225891, 86196.950000, 4571.280000
R, 1567845658.236501, 100187.460000, 4669.860000
R, 1567845658.247784, 89481.260000, 4730.930000
R, 1567845658.258055, 94069.630000, 4820.920000
R, 1567845658.269915, 90817.520000, 4919.150000
R, 1567845658.279998, 85198.780000, 5008.130000
R, 1567845658.290809, 84087.910000, 5065.510000
R, 1567845658.302779, 55640.020000, 5125.070000
R, 1567845658.314340, 58843.830000, 5185.590000
R, 1567845658.324084, 53386.080000, 5237.270000
R, 1567845658.335073, 33792.940000, 5260.330000
R, 1567845658.346067, 19126.260000, 5282.030000
R, 1567845658.356731, 7872.680000, 5292.090000
R, 1567845658.367777, 1545.560000, 5293.150000
R, 1567845658.378717, -3380.900000, 5290.300000
R, 1567845658.389908, -5989.030000, 5284.590000
R, 1567845658.401016, -7631.180000, 5276.230000
R, 1567845658.411988, -11414.580000, 5268.440000
R, 1567845658.422720, -16453.730000, 5252.500000
R, 1567845658.433916, -24567.900000, 5228.940000
R, 1567845658.444942, -31571.200000, 5195.500000
R, 1567845658.455635, -36851.850000, 5170.350000
R, 1567845658.466999, -39476.080000, 5130.160000
R, 1567845658.478014, -36980.650000, 5091.930000
R, 1567845658.488465, -42969.680000, 5062.610000
R, 1567845658.499959, -60324.990000, 5003.110000
R, 1567845658.510983, -59214.120000, 4941.990000
R, 1567845658.521705, -52838.700000, 4886.430000
R, 1567845658.533169, -69872.020000, 4838.760000
R, 1567845658.543437, -67135.090000, 4768.460000
R, 1567845658.554748, -56203.500000, 4710.470000
R, 1567845658.565281, -73671.510000, 4633.590000
R, 1567845658.576867, -75136.570000, 4582.320000
R, 1567845658.587941, -71997.160000, 4510.380000
R, 1567845658.598236, -85198.780000, 4421.800000
R, 1567845658.609245, -69372.930000, 4374.460000
R, 1567845658.620160, -85633.470000, 4292.930000
R, 1567845658.631826, -80594.310000, 4207.740000
R, 1567845658.642129, -75667.850000, 4123.920000
R, 1567845658.653817, -89481.260000, 4062.850000
R, 1567845658.664104, -69131.440000, 3989.220000
R, 1567845658.675784, -92475.770000, 3897.020000
R, 1567845658.686143, -81978.870000, 3815.240000
R, 1567845658.697131, -94198.430000, 3750.970000
R, 1567845658.707994, -80546.010000, 3663.970000
R, 1567845658.719146, -87484.920000, 3580.350000
R, 1567845658.730265, -91574.200000, 3517.870000
R, 1567845658.741004, -78066.680000, 3437.050000
R, 1567845658.751731, -90914.120000, 3342.220000
R, 1567845658.762971, -72142.050000, 3269.260000
R, 1567845658.774002, -86357.950000, 3210.340000
R, 1567845658.784898, -78952.160000, 3126.610000
R, 1567845658.795992, -84587.000000, 3044.950000
R, 1567845658.806630, -86341.850000, 2960.350000
R, 1567845658.817875, -64720.160000, 2916.190000
R, 1567845658.828914, -85649.570000, 2832.360000
R, 1567845658.839885, -72367.450000, 2754.790000
R, 1567845658.851077, -75716.150000, 2672.620000
R, 1567845658.861800, -81930.570000, 2616.710000
R, 1567845658.872440, -62417.930000, 2550.600000
R, 1567845658.884807, -78195.480000, 2469.890000
R, 1567845658.894483, -74814.580000, 2418.840000
R, 1567845658.905479, -70886.290000, 2348.260000
R, 1567845658.916400, -80546.010000, 2264.100000
R, 1567845658.927809, -66056.420000, 2198.320000
R, 1567845658.939050, -74589.180000, 2147.430000
R, 1567845658.949477, -76199.140000, 2067.920000
R, 1567845658.960984, -65927.630000, 2000.300000
R, 1567845658.971884, -81093.400000, 1918.490000
R, 1567845658.982080, -67601.980000, 1872.370000
R, 1567845658.993821, -63013.610000, 1809.910000
R, 1567845659.004369, -76569.430000, 1732.510000
R, 1567845659.015291, -66877.500000, 1686.870000
R, 1567845659.026941, -70242.310000, 1618.540000
R, 1567845659.037221, -73719.810000, 1541.000000
R, 1567845659.048137, -60180.090000, 1481.240000
R, 1567845659.059119, -65670.040000, 1436.430000
R, 1567845659.070898, -70194.010000, 1363.440000
R, 1567845659.081882, -56622.090000, 1302.870000
R, 1567845659.092843, -65750.530000, 1232.720000
R, 1567845659.102985, -68600.150000, 1185.910000
R, 1567845659.113928, -53080.190000, 1128.600000
R, 1567845659.125074, -59359.010000, 1063.740000
R, 1567845659.136568, -69775.420000, 1016.130000
R, 1567845659.147104, -58570.140000, 953.510000
R, 1567845659.158031, -69115.340000, 886.710000
R, 1567845659.169001, -69984.710000, 816.890000
R, 1567845659.179956, -54641.850000, 779.600000
R, 1567845659.190493, -59858.100000, 721.510000
R, 1567845659.201788, -66732.610000, 652.570000
R, 1567845659.212889, -60341.090000, 593.260000
R, 1567845659.223982, -58715.030000, 553.210000
R, 1567845659.234957, -67199.490000, 483.570000
R, 1567845659.245460, -53080.190000, 426.060000
R, 1567845659.256953, -47799.540000, 393.440000
R, 1567845659.268019, -62739.920000, 331.840000
R, 1567845659.278846, -58087.150000, 271.320000
R, 1567845659.290440, -50423.770000, 220.500000
R, 1567845659.300907, -55157.030000, 182.860000
R, 1567845659.311984, -57700.760000, 122.410000
R, 1567845659.322871, -46914.070000, 71.990000
R, 1567845659.333813, -40264.960000, 30.030000
R, 1567845659.345237, -49071.410000, -3.450000
R, 1567845659.355974, -51019.450000, -56.340000
R, 1567845659.366400, -44788.930000, -103.630000
R, 1567845659.378124, -39556.580000, -130.620000
R, 1567845659.388849, -46286.190000, -176.010000
R, 1567845659.399949, -49828.090000, -227.690000
R, 1567845659.410175, -46688.670000, -274.150000
R, 1567845659.421127, -37560.230000, -299.780000
R, 1567845659.432853, -38864.300000, -338.480000
R, 1567845659.443120, -46785.270000, -385.460000
R, 1567845659.454170, -44611.830000, -430.390000
R, 1567845659.465110, -39154.090000, -457.110000
R, 1567845659.476221, -31651.700000, -490.540000
R, 1567845659.487859, -32762.570000, -523.560000
R, 1567845659.498961, -34565.720000, -547.150000
R, 1567845659.509177, -29784.150000, -578.700000
R, 1567845659.520897, -24133.210000, -604.180000
R, 1567845659.531002, -20655.710000, -624.550000
R, 1567845659.542644, -15568.260000, -635.160000
R, 1567845659.553040, -11478.970000, -647.490000
R, 1567845659.563789, -8420.060000, -656.620000
R, 1567845659.574835, -6729.610000, -663.110000
R, 1567845659.586235, -4234.180000, -665.990000
R, 1567845659.596721, -1497.260000, -667.950000
R, 1567845659.607623, 917.670000, -667.400000
R, 1567845659.618887, 1899.750000, -666.090000
R, 1567845659.629841, 3187.710000, -663.090000
R, 1567845659.640923, 4781.560000, -658.410000
R, 1567845659.652038, 5892.430000, -652.020000
R, 1567845659.663001, 8130.270000, -646.470000
R, 1567845659.674059, 10577.400000, -636.100000
R, 1567845659.684998, 13539.720000, -622.720000
R, 1567845659.696845, 15841.950000, -605.950000
R, 1567845659.706887, 19174.560000, -592.870000
R, 1567845659.717963, 22152.970000, -570.720000
R, 1567845659.729020, 25871.970000, -544.880000
R, 1567845659.739915, 27063.330000, -526.400000
R, 1567845659.751380, 25839.770000, -499.690000
R, 1567845659.762019, 25727.070000, -473.490000
R, 1567845659.772458, 29156.270000, -442.320000
R, 1567845659.784374, 36674.760000, -417.290000
R, 1567845659.794951, 42518.890000, -374.700000
R, 1567845659.805237, 42679.890000, -330.330000
R, 1567845659.816115, 36900.150000, -292.500000
R, 1567845659.827123, 41746.110000, -264.010000
R, 1567845659.838922, 54754.550000, -209.660000
R, 1567845659.849289, 58715.030000, -149.050000
R, 1567845659.860166, 50488.170000, -114.600000
R, 1567845659.871115, 62015.440000, -54.140000
R, 1567845659.882185, 71836.160000, 18.160000
R, 1567845659.893098, 60550.380000, 80.130000
R, 1567845659.903912, 75683.950000, 131.780000
R, 1567845659.915104, 85102.180000, 219.300000
R, 1567845659.926165, 75539.060000, 294.500000
R, 1567845659.936883, 85601.270000, 381.510000
R, 1567845659.947928, 66877.500000, 427.150000
R, 1567845659.958907, 83009.240000, 507.370000
R, 1567845659.969787, 79161.450000, 592.430000
R, 1567845659.981823, 72705.540000, 642.040000
R, 1567845659.992841, 87098.530000, 729.870000
R, 1567845660.002934, 65702.230000, 800.680000
R, 1567845660.014070, 80932.400000, 886.750000
R, 1567845660.025010, 84345.510000, 944.310000
R, 1567845660.035865, 78581.870000, 1021.700000
R, 1567845660.046968, 85633.470000, 1109.780000
R, 1567845660.058063, 66958.000000, 1181.160000
R, 1567845660.068578, 88338.190000, 1241.440000
R, 1567845660.080455, 75909.350000, 1325.300000
R, 1567845660.090962, 86068.160000, 1409.510000
R, 1567845660.101304, 87420.520000, 1469.170000
R, 1567845660.112882, 71916.660000, 1541.990000
R, 1567845660.124015, 94230.630000, 1636.130000
R, 1567845660.134955, 76456.730000, 1714.650000
R, 1567845660.145903, 88579.690000, 1775.090000
R, 1567845660.157121, 75265.360000, 1858.280000
R, 1567845660.167245, 86567.240000, 1941.120000
R, 1567845660.179599, 95309.290000, 2032.620000
R, 1567845660.189213, 78501.370000, 2086.190000
R, 1567845660.200109, 93039.260000, 2180.570000
R, 1567845660.211789, 72898.730000, 2256.140000
R, 1567845660.222449, 92958.760000, 2319.580000
R, 1567845660.233765, 80079.130000, 2408.280000
R, 1567845660.244069, 92685.070000, 2499.070000
R, 1567845660.255054, 89046.570000, 2583.970000
R, 1567845660.266817, 82252.570000, 2640.100000
R, 1567845660.277823, 95969.380000, 2738.730000
R, 1567845660.287986, 86245.250000, 2823.830000
R, 1567845660.299199, 97547.130000, 2919.030000
R, 1567845660.310013, 74363.790000, 2969.780000
R, 1567845660.321194, 101443.220000, 3070.040000
R, 1567845660.332067, 80674.810000, 3155.830000
R, 1567845660.343071, 96194.770000, 3581.490000
R, 1567845660.354032, 77551.500000, 3308.260000
R, 1567845660.364931, 98287.710000, 3402.800000
R, 1567845660.376532, 95341.490000, 3494.820000
R, 1567845660.386978, 92475.770000, 3557.920000
R, 1567845660.398067, 87259.520000, 3652.010000
R, 1567845660.409060, 93103.660000, 3740.970000
R, 1567845660.420172, 102554.090000, 3838.940000
R, 1567845660.430947, 88177.200000, 3899.110000
R, 1567845660.441881, 95421.990000, 3998.290000
R, 1567845660.452936, 87581.510000, 4083.660000
R, 1567845660.463927, 105049.520000, 4155.350000
R, 1567845660.474664, 84925.090000, 4243.940000
R, 1567845660.486006, 100171.360000, 4345.930000
R, 1567845660.496892, 77728.590000, 4429.560000
R, 1567845660.508041, 104099.640000, 4500.590000
R, 1567845660.518914, 83556.630000, 4591.260000
R, 1567845660.529440, 101926.210000, 4693.600000
R, 1567845660.540351, 80465.520000, 4776.950000
R, 1567845660.552062, 101169.530000, 4845.990000
R, 1567845660.562974, 84071.810000, 4939.260000
R, 1567845660.573935, 99237.580000, 5038.250000
R, 1567845660.584917, 81286.590000, 5093.730000
R, 1567845660.595899, 74074.000000, 5167.000000
R, 1567845660.606445, 68004.470000, 5238.740000
R, 1567845660.617303, 47477.550000, 5283.700000
R, 1567845660.629048, 31426.310000, 5305.140000
R, 1567845660.639959, 12090.760000, 5321.070000
R, 1567845660.650927, -1368.460000, 5321.300000
R, 1567845660.661954, -4137.580000, 5316.900000
R, 1567845660.672944, -5361.150000, 5313.240000
R, 1567845660.683141, -7566.790000, 5305.920000
R, 1567845660.694117, -10706.200000, 5295.530000
R, 1567845660.705937, -13105.030000, 5286.590000
R, 1567845660.716913, -18031.490000, 5269.100000
R, 1567845660.727932, -26322.750000, 5243.860000
R, 1567845660.738282, -34968.210000, 5205.870000
R, 1567845660.749098, -43372.170000, 5176.290000
R, 1567845660.760069, -45239.720000, 5130.350000
R, 1567845660.771348, -40377.650000, 5088.250000
R, 1567845660.782254, -47348.760000, 5035.870000
R, 1567845660.793017, -62949.210000, 4992.910000
R, 1567845660.803916, -59214.120000, 4931.020000
R, 1567845660.815038, -61645.150000, 4870.510000
R, 1567845660.825738, -75732.250000, 4818.830000
R, 1567845660.836862, -65637.840000, 4749.050000
R, 1567845660.847907, -68342.560000, 4682.760000
R, 1567845660.858885, -82477.960000, 4599.320000
R, 1567845660.869969, -70338.900000, 4551.330000
R, 1567845660.880538, -87034.130000, 4467.850000
R, 1567845660.892033, -74444.290000, 4387.830000
R, 1567845660.902888, -67666.380000, 4312.460000
R, 1567845660.913453, -88257.690000, 4252.240000
R, 1567845660.924975, -72705.540000, 4174.750000
R, 1567845660.935970, -92846.060000, 4082.550000
R, 1567845660.946354, -78807.260000, 4028.770000
R, 1567845660.957237, -81882.280000, 3950.050000
R, 1567845660.968783, -85134.380000, 3860.560000
R, 1567845660.979765, -73591.010000, 3780.270000
R, 1567845660.990378, -92057.190000, 3717.450000
R, 1567845661.001451, -68664.550000, 3642.320000
R, 1567845661.012134, -89754.950000, 3555.620000
R, 1567845661.023308, -83460.030000, 3474.060000
R, 1567845661.034925, -81850.080000, 3418.210000
R, 1567845661.045819, -86567.240000, 3326.640000
R, 1567845661.056283, -74041.800000, 3251.810000
R, 1567845661.067045, -91686.900000, 3159.430000
R, 1567845661.078878, -75184.870000, 3108.120000
R, 1567845661.089051, -89964.250000, 3020.750000
R, 1567845661.100101, -80224.020000, 2943.760000
R, 1567845661.111036, -64333.770000, 2539.860000
R, 1567845661.122870, -81415.390000, 2817.090000
R, 1567845661.133170, -67022.400000, 2745.130000
R, 1567845661.144240, -77471.000000, 2663.010000
R, 1567845661.155052, -78533.570000, 2609.420000
R, 1567845661.166111, -63158.510000, 2543.940000
R, 1567845661.176781, -80288.420000, 2462.630000
R, 1567845661.188173, -71642.970000, 2392.680000
R, 1567845661.199148, -68245.960000, 2346.120000
R, 1567845661.210140, -74556.980000, 2267.870000
R, 1567845661.221646, -56332.300000, 2206.750000
R, 1567845661.231394, -64027.880000, 1803.050000
R, 1567845661.242988, -73945.200000, 2086.720000
R, 1567845661.254012, -61451.960000, 2021.390000
R, 1567845661.264647, -74218.890000, 1943.400000
R, 1567845661.275985, -74057.900000, 1892.880000
R, 1567845661.286424, -58103.250000, 1831.880000
R, 1567845661.298405, -76682.120000, 1756.150000
R, 1567845661.309045, -71353.170000, 1686.120000
R, 1567845661.319659, -61355.360000, 1644.250000
R, 1567845661.330930, -76730.420000, 1566.500000
R, 1567845661.341952, -60646.980000, 1500.850000
R, 1567845661.352935, -58634.540000, 1100.840000
R, 1567845661.364030, -75136.570000, 1384.860000
R, 1567845661.374355, -62917.010000, 1317.610000
R, 1567845661.385854, -62756.020000, 1249.260000
R, 1567845661.396875, -72882.630000, 1199.530000
R, 1567845661.407253, -55994.210000, 1138.480000
R, 1567845661.418250, -62369.630000, 1078.000000
R, 1567845661.429117, -69952.510000, 1007.240000
R, 1567845661.440238, -60856.270000, 965.720000
R, 1567845661.451269, -63448.300000, 903.800000
R, 1567845661.462926, -68873.840000, 831.680000
R, 1567845661.473991, -59278.520000, 791.240000
R, 1567845661.484032, -55575.620000, 735.910000
R, 1567845661.495080, -68165.460000, 666.390000
R, 1567845661.506073, -62949.210000, 604.480000
R, 1567845661.517814, -54078.360000, 567.580000
R, 1567845661.528053, -67505.380000, 499.830000
R, 1567845661.539072, -56332.300000, 439.990000
R, 1567845661.550147, -46672.580000, 391.900000
R, 1567845661.560951, -57233.880000, 352.860000
R, 1567845661.571776, -59359.010000, 291.090000
R, 1567845661.582850, -50133.980000, 237.740000
R, 1567845661.594182, -49795.890000, 203.760000
R, 1567845661.605081, -61129.960000, 142.340000
R, 1567845661.615752, -52677.700000, 86.840000
R, 1567845661.627598, -43146.780000, 43.450000
R, 1567845661.638015, -45915.900000, -347.870000
R, 1567845661.648741, -53047.990000, -42.120000
R, 1567845661.660078, -47300.460000, -91.560000
R, 1567845661.670795, -40651.350000, -132.100000
R, 1567845661.681955, -40860.640000, -159.980000
R, 1567845661.693046, -48266.430000, -208.630000
R, 1567845661.703653, -43645.860000, -254.050000
R, 1567845661.714980, -38445.710000, -280.270000
R, 1567845661.725412, -31812.700000, -313.530000
R, 1567845661.736984, -36384.970000, -349.390000
R, 1567845661.747958, -40570.850000, -390.650000
R, 1567845661.758598, -37560.230000, -416.280000
R, 1567845661.769758, -32311.780000, -450.460000
R, 1567845661.781154, -25388.980000, -477.500000
R, 1567845661.792033, -22426.660000, -500.100000
R, 1567845661.802961, -21605.590000, -514.840000
R, 1567845661.813386, -21847.080000, -537.240000
R, 1567845661.824640, -20043.930000, -558.350000
R, 1567845661.835953, -17564.600000, -570.330000
R, 1567845661.846975, -13926.100000, -585.160000
R, 1567845661.857340, -10738.400000, -596.630000
R, 1567845661.868219, -8709.850000, -604.960000
R, 1567845661.879165, -5312.850000, -608.580000
R, 1567845661.889990, -2157.340000, -611.300000
R, 1567845661.901089, 402.490000, -611.270000
R, 1567845661.912023, 1304.060000, -609.770000
R, 1567845661.923534, 2253.940000, -608.230000
R, 1567845661.934030, 3638.500000, -604.790000
R, 1567845661.945125, 5296.750000, -599.660000
R, 1567845661.956095, 6713.510000, -595.070000
R, 1567845661.967114, 9901.220000, -585.560000
R, 1567845661.978159, 13942.200000, -571.990000
R, 1567845661.988887, 16485.930000, -554.530000
R, 1567845662.000022, 19802.440000, -541.020000
R, 1567845662.011132, 20687.910000, -519.800000
R, 1567845662.021978, 19947.330000, -499.260000
R, 1567845662.033718, 19560.940000, -479.220000
R, 1567845662.044142, 20945.510000, -464.930000
R, 1567845662.054926, 25388.980000, -439.730000
R, 1567845662.065989, 29478.260000, -410.140000
R, 1567845662.077870, 32038.090000, -376.520000
R, 1567845662.087954, 35692.690000, -352.170000
R, 1567845662.099082, 31651.700000, -318.790000
R, 1567845662.110061, 29800.250000, -288.000000
R, 1567845662.121148, 34791.110000, -264.250000
R, 1567845662.132219, 43806.860000, -220.510000
R, 1567845662.142627, 50101.780000, -170.290000
R, 1567845662.154266, 45513.410000, -125.060000
R, 1567845662.164969, 42792.590000, -95.860000
R, 1567845662.175443, 54126.660000, -42.190000
R, 1567845662.186307, 59922.500000, 18.490000
R, 1567845662.197247, 50906.750000, 69.870000
R, 1567845662.208196, 58087.150000, 109.510000
R, 1567845662.219856, 76762.620000, 185.520000
R, 1567845662.230235, 65573.440000, 255.420000
R, 1567845662.241148, 77744.690000, 308.470000
R, 1567845662.252787, 82043.270000, 393.740000
R, 1567845662.263254, 69727.120000, 463.670000
R, 1567845662.274772, 85633.470000, 552.990000
R, 1567845662.285145, 73848.600000, 603.380000
R, 1567845662.296050, 81801.780000, 683.540000
R, 1567845662.306937, 76778.720000, 765.600000
R, 1567845662.318110, 66346.220000, 838.260000
R, 1567845662.329700, 88724.580000, 898.800000
R, 1567845662.340955, 70854.090000, 976.450000
R, 1567845662.351020, 85150.480000, 1060.740000
R, 1567845662.362009, 82075.470000, 1116.760000
R, 1567845662.372958, 72109.850000, 1188.300000
R, 1567845662.384166, 91268.310000, 1279.940000
R, 1567845662.394755, 73349.520000, 1355.790000
R, 1567845662.406073, 85923.260000, 1414.420000
R, 1567845662.417034, 73880.800000, 1495.710000
R, 1567845662.427955, 82284.760000, 1574.670000
R, 1567845662.439043, 93071.460000, 1665.120000
R, 1567845662.449837, 74025.700000, 1715.640000
R, 1567845662.460921, 90785.320000, 1806.830000
R, 1567845662.471588, 68503.560000, 1881.120000
R, 1567845662.482601, 84973.390000, 1939.110000
R, 1567845662.494165, 85665.670000, 2030.110000
R, 1567845662.505017, 84667.500000, 2112.690000
R, 1567845662.516245, 92411.380000, 2202.080000
R, 1567845662.527607, 70837.990000, 2250.430000
R, 1567845662.537967, 96387.960000, 2345.730000
R, 1567845662.549100, 76102.540000, 2427.860000
R, 1567845662.559267, 90012.540000, 2522.120000
R, 1567845662.570955, 79080.960000, 2576.090000
R, 1567845662.581890, 88740.680000, 2660.920000
R, 1567845662.593316, 87420.520000, 2754.720000
R, 1567845662.603374, 81737.380000, 2810.500000
R, 1567845662.615008, 94488.220000, 2906.950000
R, 1567845662.625960, 77535.400000, 2985.370000
R, 1567845662.636405, 98094.520000, 3085.860000
R, 1567845662.647948, 79563.940000, 3140.170000
R, 1567845662.658212, 97273.440000, 3236.630000
R, 1567845662.669974, 74363.790000, 3318.850000
R, 1567845662.680328, 91445.400000, 3416.610000
R, 1567845662.691175, 89288.070000, 3477.540000
R, 1567845662.702116, 94343.320000, 3569.250000
R, 1567845662.713975, 81898.380000, 3659.600000
R, 1567845662.724298, 83637.130000, 3716.670000
R, 1567845662.736278, 99430.780000, 3818.650000
R, 1567845662.746994, 89738.850000, 3907.050000
R, 1567845662.757872, 100171.360000, 4003.790000
R, 1567845662.768050, 78050.580000, 4057.050000
R, 1567845662.779199, 103922.550000, 4160.800000
R, 1567845662.790908, 85166.580000, 4248.370000
R, 1567845662.801804, 100155.260000, 4348.980000
R, 1567845662.811937, 76698.220000, 4401.320000
R, 1567845662.823138, 103262.470000, 4502.500000
R, 1567845662.834111, 82687.250000, 4591.870000
R, 1567845662.845144, 97595.430000, 5018.470000
R, 1567845662.856107, 79789.330000, 4747.570000
R, 1567845662.867116, 99430.780000, 4843.320000
R, 1567845662.878816, 95711.780000, 4935.620000
R, 1567845662.888698, 90189.640000, 4997.180000
R, 1567845662.900160, 78292.080000, 5082.130000
R, 1567845662.911059, 59198.020000, 5142.590000
R, 1567845662.922103, 61806.150000, 5204.720000
R, 1567845662.933054, 51743.930000, 5240.030000
R, 1567845662.944095, 30782.330000, 5274.510000
R, 1567845662.954738, 20929.410000, 5297.270000
R, 1567845662.966087, 14489.590000, 5307.150000
R, 1567845662.976373, 3767.290000, 5312.890000
R, 1567845662.987952, -4121.480000, 5309.750000
R, 1567845662.999030, -6971.100000, 5302.030000
R, 1567845663.010015, -10464.700000, 5294.890000
R, 1567845663.021327, -14312.490000, 5280.890000
R, 1567845663.031497, -18852.560000, 5262.450000
R, 1567845663.042512, -23247.740000, 5237.110000
R, 1567845663.053857, -32987.960000, 5214.590000
R, 1567845663.065069, -38107.620000, 5176.030000
R, 1567845663.075900, -40007.360000, 5135.520000
R, 1567845663.086255, -37544.130000, 5097.550000
R, 1567845663.098439, -39186.290000, 5070.810000
R, 1567845663.108242, -57217.780000, 5015.470000
R, 1567845663.119216, -59455.610000, 4954.910000
R, 1567845663.131070, -53820.770000, 4918.180000
R, 1567845663.141936, -63866.890000, 4856.640000
R, 1567845663.152873, -69727.120000, 4784.160000
R, 1567845663.163931, -59906.400000, 4724.420000
R, 1567845663.174188, -66780.900000, 4678.850000
R, 1567845663.185093, -76585.530000, 4599.790000
R, 1567845663.196918, -66362.320000, 4530.340000
R, 1567845663.207145, -84603.100000, 4443.530000
R, 1567845663.218159, -75104.370000, 4392.280000
R, 1567845663.229117, -72995.330000, 4320.910000
R, 1567845663.240160, -83830.320000, 4233.940000
R, 1567845663.251168, -71288.780000, 4185.300000
R, 1567845663.261828, -89014.370000, 4099.050000
R, 1567845663.272945, -71095.580000, 4021.890000
R, 1567845663.284186, -67940.070000, 3946.040000
R, 1567845663.294754, -86551.140000, 3886.980000
R, 1567845663.305886, -73816.400000, 3809.140000
R, 1567845663.316699, -93779.840000, 3714.530000
R, 1567845663.327649, -77422.700000, 3638.450000
R, 1567845663.338964, -84973.390000, 3580.470000
R, 1567845663.349952, -81930.570000, 3493.890000
R, 1567845663.360827, -80207.920000, 3415.230000
R, 1567845663.371453, -86615.540000, 3356.130000
R, 1567845663.382345, -64011.780000, 3286.030000
R, 1567845663.393824, -82960.940000, 3206.480000
R, 1567845663.405072, -81705.180000, 3126.200000
R, 1567845663.415847, -71594.670000, 3077.360000
R, 1567845663.426506, -84892.890000, 2989.290000
R, 1567845663.437241, -63126.310000, 2920.750000
R, 1567845663.449495, -75893.250000, 2840.650000
R, 1567845663.459358, -77953.990000, 2787.450000
R, 1567845663.470857, -67779.080000, 2718.110000
R, 1567845663.482065, -81737.380000, 2633.840000
R, 1567845663.492248, -68503.560000, 2587.090000
R, 1567845663.503095, -68584.050000, 2520.150000
R, 1567845663.514898, -74637.480000, 2442.130000
R, 1567845663.525982, -64060.080000, 2377.890000
R, 1567845663.536172, -72335.250000, 2328.530000
R, 1567845663.547068, -70886.290000, 2253.900000
R, 1567845663.558903, -55092.640000, 2195.690000
R, 1567845663.569980, -67811.280000, 2124.510000
R, 1567845663.580000, -69952.510000, 2076.790000
R, 1567845663.592046, -57877.860000, 2015.740000
R, 1567845663.602193, -74379.890000, 1942.320000
R, 1567845663.613066, -68841.650000, 1895.350000
R, 1567845663.624025, -53691.980000, 1838.440000
R, 1567845663.635152, -71787.860000, 1768.800000
R, 1567845663.646788, -69791.520000, 1699.350000
R, 1567845663.656896, -57443.170000, 1660.160000
R, 1567845663.668195, -74057.900000, 1587.910000
R, 1567845663.679022, -64333.770000, 1519.760000
R, 1567845663.690107, -53418.280000, 1463.600000
R, 1567845663.701057, -69759.320000, 1415.990000
R, 1567845663.712648, -66990.200000, 1346.120000
R, 1567845663.722991, -58151.550000, 1286.420000
R, 1567845663.734101, -72303.050000, 1237.080000
R, 1567845663.745099, -65525.140000, 1167.860000
R, 1567845663.756560, -52387.910000, 1113.210000
R, 1567845663.767486, -65090.450000, 1045.050000
R, 1567845663.778066, -66700.410000, 999.540000
R, 1567845663.789317, -55430.730000, 940.830000
R, 1567845663.800055, -70355.000000, 872.260000
R, 1567845663.810967, -66813.100000, 806.110000
R, 1567845663.822100, -51389.740000, 771.050000
R, 1567845663.832423, -62369.630000, 710.800000
R, 1567845663.844048, -64301.570000, 643.950000
R, 1567845663.854952, -57056.780000, 605.030000
R, 1567845663.865494, -58940.430000, 547.290000
R, 1567845663.876350, -65364.140000, 479.200000
R, 1567845663.887988, -57507.570000, 423.370000
R, 1567845663.899041, -47654.650000, 390.850000
R, 1567845663.909677, -61725.650000, 329.820000
R, 1567845663.920382, -55945.910000, 271.370000
R, 1567845663.931437, -48459.620000, 222.600000
R, 1567845663.942281, -52259.120000, 186.950000
R, 1567845663.953248, -57056.780000, 127.830000
R, 1567845663.964194, -47992.740000, 76.650000
R, 1567845663.975122, -40603.050000, 48.940000
R, 1567845663.985992, -47284.360000, 2.690000
R, 1567845663.997194, -50938.950000, -50.110000
R, 1567845664.008909, -47702.950000, -97.690000
R, 1567845664.020073, -39379.480000, -124.560000
R, 1567845664.031025, -42889.180000, -166.990000
R, 1567845664.042017, -48749.420000, -216.850000
R, 1567845664.052215, -45497.310000, -262.490000
R, 1567845664.063318, -38139.820000, -288.510000
R, 1567845664.074186, -34581.820000, -323.820000
R, 1567845664.084928, -43710.260000, -366.690000
R, 1567845664.096200, -45159.220000, -412.190000
R, 1567845664.107118, -40490.350000, -439.820000
R, 1567845664.118199, -31812.700000, -474.080000
R, 1567845664.128941, -26242.260000, -501.450000
R, 1567845664.140142, -25823.670000, -519.070000
R, 1567845664.151156, -25614.370000, -545.390000
R, 1567845664.162147, -21203.100000, -567.920000
R, 1567845664.173415, -17870.490000, -585.430000
R, 1567845664.184073, -13314.320000, -594.500000
R, 1567845664.195038, -9756.320000, -605.130000
R, 1567845664.205799, -6311.020000, -612.150000
R, 1567845664.217033, -4218.080000, -615.960000
R, 1567845664.227774, -1287.960000, -616.840000
R, 1567845664.239164, 1207.470000, -615.960000
R, 1567845664.250099, 2930.120000, -613.270000
R, 1567845664.260996, 4105.380000, -610.460000
R, 1567845664.271533, 6230.520000, -604.470000
R, 1567845664.283609, 8581.060000, -596.070000
R, 1567845664.293561, 10271.510000, -585.050000
R, 1567845664.305085, 13105.030000, -576.110000
R, 1567845664.315950, 15761.450000, -560.450000
R, 1567845664.327034, 18272.980000, -542.150000
R, 1567845664.338396, 19094.060000, -522.560000
R, 1567845664.349044, 18820.370000, -509.720000
R, 1567845664.360013, 18433.980000, -490.800000
R, 1567845664.371124, 19094.060000, -471.490000
R, 1567845664.381492, 21476.790000, -456.830000
R, 1567845664.393075, 26419.350000, -430.620000
R, 1567845664.404045, 30685.730000, -399.980000
R, 1567845664.415041, 33680.240000, -364.720000
R, 1567845664.425887, 35901.980000, -340.210000
R, 1567845664.436279, 30959.420000, -307.760000
R, 1567845664.447260, 34243.730000, -273.770000
R, 1567845664.459051, 42567.190000, -228.420000
R, 1567845664.470315, 52194.720000, -192.790000
R, 1567845664.480212, 50729.660000, -139.100000
R, 1567845664.491285, 48540.120000, -90.270000
R, 1567845664.502236, 58457.440000, -50.380000
R, 1567845664.513035, 66893.600000, 17.130000
R, 1567845664.524480, 54368.160000, 74.560000
R, 1567845664.534968, 67585.880000, 147.620000
R, 1567845664.547089, 85279.280000, 205.820000
R, 1567845664.557207, 71304.880000, 279.310000
R, 1567845664.568120, 85488.570000, 365.380000
R, 1567845664.579558, 71433.670000, 435.920000
R, 1567845664.589820, 77116.810000, 488.540000
R, 1567845664.601144, 85102.180000, 576.180000
R, 1567845664.611959, 73768.110000, 650.100000
R, 1567845664.623163, 84490.400000, 736.830000
R, 1567845664.633829, 67650.280000, 783.010000
R, 1567845664.645163, 81367.090000, 861.310000
R, 1567845664.656073, 81431.490000, 947.610000
R, 1567845664.667057, 71433.670000, 996.360000
R, 1567845664.677550, 87195.120000, 1083.940000
R, 1567845664.688619, 65895.430000, 1156.040000
R, 1567845664.699715, 79241.950000, 1240.720000
R, 1567845664.711294, 86438.450000, 1299.700000
R, 1567845664.722194, 77406.600000, 1376.490000
R, 1567845664.733028, 87114.630000, 1465.480000
R, 1567845664.744570, 67666.380000, 1536.670000
R, 1567845664.754625, 87662.010000, 1596.490000
R, 1567845664.766124, 77632.000000, 1681.780000
R, 1567845664.777043, 85730.070000, 1765.380000
R, 1567845664.787498, 88788.980000, 1825.980000
R, 1567845664.799143, 71288.780000, 1898.770000
R, 1567845664.809705, 94713.610000, 1993.130000
R, 1567845664.821200, 77664.200000, 2072.330000
R, 1567845664.831303, 88708.480000, 2132.860000
R, 1567845664.843032, 76408.430000, 2217.040000
R, 1567845664.853902, 86567.240000, 2299.950000
R, 1567845664.865062, 95921.080000, 2392.200000
R, 1567845664.875571, 78839.460000, 2446.010000
R, 1567845664.886351, 93586.640000, 2540.910000
R, 1567845664.897167, 73542.710000, 2616.940000
R, 1567845664.908197, 93795.940000, 2680.960000
R, 1567845664.919991, 80063.030000, 2769.700000
R, 1567845664.930151, 93522.250000, 2861.410000
R, 1567845664.941442, 88563.590000, 2946.010000
R, 1567845664.953002, 83717.620000, 3003.130000
R, 1567845664.963969, 95228.800000, 3101.630000
R, 1567845664.974091, 87629.810000, 3187.680000
R, 1567845664.985044, 97740.330000, 3282.330000
R, 1567845664.996061, 75329.760000, 3333.740000
R, 1567845665.008060, 101877.910000, 3434.920000
R, 1567845665.018147, 81705.180000, 3520.550000
R, 1567845665.029163, 97192.940000, 3946.870000
R, 1567845665.040210, 76376.230000, 3672.320000
R, 1567845665.051055, 99752.770000, 3768.740000
R, 1567845665.062240, 93071.460000, 3859.380000
R, 1567845665.073087, 93828.140000, 3923.420000
R, 1567845665.084090, 84812.390000, 4015.880000
R, 1567845665.095569, 94472.120000, 4106.150000
R, 1567845665.106981, 101008.530000, 4202.660000
R, 1567845665.117089, 88949.970000, 4263.370000
R, 1567845665.128155, 93457.850000, 4361.130000
R, 1567845665.139179, 88096.700000, 4446.580000
R, 1567845665.149877, 103890.350000, 4517.480000
R, 1567845665.160894, 84377.700000, 4605.070000
R, 1567845665.172103, 98786.800000, 4705.720000
R, 1567845665.183021, 76794.820000, 4788.050000
R, 1567845665.194226, 101926.210000, 4857.600000
R, 1567845665.205079, 80739.210000, 4946.220000
R, 1567845665.216129, 89127.070000, 5037.200000
R, 1567845665.227101, 71272.680000, 5104.710000
R, 1567845665.237568, 56944.080000, 5143.570000
R, 1567845665.248678, 57910.060000, 5203.650000
R, 1567845665.259607, 44289.840000, 5252.710000
R, 1567845665.271060, 32504.980000, 5284.130000
R, 1567845665.281580, 24036.620000, 5300.530000
R, 1567845665.293115, 12976.230000, 5315.970000
R, 1567845665.303251, 482.990000, 5318.370000
R, 1567845665.315086, -4298.580000, 5315.440000
R, 1567845665.325433, -8838.650000, 5307.100000
R, 1567845665.336438, -12863.530000, 5294.610000
R, 1567845665.347931, -15503.860000, 5278.130000
R, 1567845665.358552, -19754.140000, 5264.650000
R, 1567845665.369484, -27288.730000, 5238.270000
R, 1567845665.380734, -38011.020000, 5201.190000
R, 1567845665.391979, -40554.750000, 5159.320000
R, 1567845665.402229, -42293.500000, 5130.460000
R, 1567845665.413191, -38526.210000, 5090.440000
R, 1567845665.424254, -53466.580000, 5039.410000
R, 1567845665.435448, -64043.980000, 4995.700000
R, 1567845665.446271, -61307.060000, 4931.850000
R, 1567845665.457289, -62949.210000, 4869.990000
R, 1567845665.468269, -75732.250000, 4793.690000
R, 1567845665.478939, -64253.280000, 4749.840000
R, 1567845665.490050, -64382.070000, 4686.770000
R, 1567845665.501200, -78082.780000, 4606.450000
R, 1567845665.512655, -70113.510000, 4535.940000
R, 1567845665.522940, -83862.520000, 4478.710000
R, 1567845665.533977, -78791.160000, 4394.900000
R, 1567845665.545340, -76102.540000, 4320.530000
R, 1567845665.555971, -89867.650000, 4259.210000
R, 1567845665.567226, -73236.820000, 4180.440000
R, 1567845665.578240, -91880.090000, 4090.350000
R, 1567845665.589126, -79773.240000, 4013.660000
R, 1567845665.599715, -73896.900000, 3963.230000
R, 1567845665.611048, -86406.250000, 3873.500000
R, 1567845665.622139, -77132.910000, 3794.690000
R, 1567845665.633158, -95808.380000, 3698.830000
R, 1567845665.643944, -73558.810000, 3648.640000
R, 1567845665.655022, -91429.300000, 3560.930000
R, 1567845665.666178, -77937.890000, 3477.120000
R, 1567845665.677064, -79064.860000, 3423.160000
R, 1567845665.688120, -83653.230000, 3334.440000
R, 1567845665.698533, -63818.590000, 3267.260000
R, 1567845665.710003, -80304.520000, 3184.840000
R, 1567845665.720672, -75007.770000, 3133.650000
R, 1567845665.732064, -75023.870000, 3060.080000
R, 1567845665.742346, -80449.420000, 2975.430000
R, 1567845665.753330, -64784.560000, 2909.410000
R, 1567845665.765096, -80272.320000, 2854.630000
R, 1567845665.776011, -75249.260000, 2775.390000
R, 1567845665.786428, -70886.290000, 2704.940000
R, 1567845665.797734, -80739.210000, 2624.770000
R, 1567845665.808211, -61854.440000, 2582.560000
R, 1567845665.819201, -65235.350000, 2519.220000
R, 1567845665.830411, -74379.890000, 2444.120000
R, 1567845665.842093, -64140.580000, 2400.350000
